5006.0
5043.0
5012.0
5049.0
5018.0
5055.0
4994.0
5031.0
5000.0
5037.0
5024.0
5060.0
5029.0
5065.0
5129.0
5175.0
5147.0
5189.0
5158.0
5199.0
5168.0
5200.5
5169.5
5203.0
6208.0
6244.0
6213.0
6249.0
6218.0
6254.0
6223.0
6259.0
6228.0
6264.0
6233.0
6269.0
6238.0
6274.0
6243.0
6279.0
6248.0
6284.0
6253.0
6289.0
6258.0
6294.0
6263.0
6299.0
6268.0
6304.0
6388.0
6429.0
6398.0
6434.0
6403.0
6439.0
6408.0
6444.0
6413.0
6449.0
6418.0
6454.0
6423.0
6464.0
6433.0
6479.0
6448.0
6484.0
6453.0
6489.0
5948.0
5984.0
6623.0
6669.0
6898.0
6939.0
6908.0
6949.0
6918.0
6959.0
6928.0
6969.0
6938.0
6979.0
6948.0
6989.0
6958.0
6999.0
6848.0
6884.0
6853.0
6894.0
6863.0
6904.0
6873.0
6914.0
6883.0
6924.0
6893.0
6929.0
7853.0
7909.0
7878.0
7934.0
7903.0
7959.0
7828.0
7884.0
5018.0
5055.0
5024.0
5061.0
5000.0
5037.0
5006.0
5043.0
5030.0
5066.0
5035.0
5071.0
5135.0
5181.0
5153.0
5195.0
5164.0
5205.0
5174.0
5206.5
5175.5
5209.0
6214.0
6250.0
6219.0
6255.0
6224.0
6260.0
6229.0
6265.0
6234.0
6270.0
6239.0
6275.0
6244.0
6280.0
6249.0
6285.0
6254.0
6290.0
6259.0
6295.0
6264.0
6300.0
6269.0
6305.0
6274.0
6310.0
6394.0
6435.0
6404.0
6440.0
6409.0
6445.0
6414.0
6450.0
6419.0
6455.0
6424.0
6460.0
6429.0
6470.0
6439.0
6485.0
6454.0
6490.0
6459.0
6495.0
5954.0
5990.0
6629.0
6675.0
6904.0
6945.0
6914.0
6955.0
6924.0
6965.0
6934.0
6975.0
6944.0
6985.0
6954.0
6995.0
6964.0
7005.0
6854.0
6890.0
6859.0
6900.0
6869.0
6910.0
6879.0
6920.0
6889.0
6930.0
6899.0
6935.0
7859.0
7915.0
7884.0
7940.0
7909.0
7965.0
7834.0
7890.0
5030.0
5067.0
5006.0
5043.0
5012.0
5049.0
5036.0
5072.0
5041.0
5077.0
5141.0
5187.0
5159.0
5201.0
5170.0
5211.0
5180.0
5212.5
5181.5
5215.0
6220.0
6256.0
6225.0
6261.0
6230.0
6266.0
6235.0
6271.0
6240.0
6276.0
6245.0
6281.0
6250.0
6286.0
6255.0
6291.0
6260.0
6296.0
6265.0
6301.0
6270.0
6306.0
6275.0
6311.0
6280.0
6316.0
6400.0
6441.0
6410.0
6446.0
6415.0
6451.0
6420.0
6456.0
6425.0
6461.0
6430.0
6466.0
6435.0
6476.0
6445.0
6491.0
6460.0
6496.0
6465.0
6501.0
5960.0
5996.0
6635.0
6681.0
6910.0
6951.0
6920.0
6961.0
6930.0
6971.0
6940.0
6981.0
6950.0
6991.0
6960.0
7001.0
6970.0
7011.0
6860.0
6896.0
6865.0
6906.0
6875.0
6916.0
6885.0
6926.0
6895.0
6936.0
6905.0
6941.0
7865.0
7921.0
7890.0
7946.0
7915.0
7971.0
7840.0
7896.0
4982.0
5019.0
4988.0
5025.0
5012.0
5048.0
5017.0
5053.0
5117.0
5163.0
5135.0
5177.0
5146.0
5187.0
5156.0
5188.5
5157.5
5191.0
6196.0
6232.0
6201.0
6237.0
6206.0
6242.0
6211.0
6247.0
6216.0
6252.0
6221.0
6257.0
6226.0
6262.0
6231.0
6267.0
6236.0
6272.0
6241.0
6277.0
6246.0
6282.0
6251.0
6287.0
6256.0
6292.0
6376.0
6417.0
6386.0
6422.0
6391.0
6427.0
6396.0
6432.0
6401.0
6437.0
6406.0
6442.0
6411.0
6452.0
6421.0
6467.0
6436.0
6472.0
6441.0
6477.0
5936.0
5972.0
6611.0
6657.0
6886.0
6927.0
6896.0
6937.0
6906.0
6947.0
6916.0
6957.0
6926.0
6967.0
6936.0
6977.0
6946.0
6987.0
6836.0
6872.0
6841.0
6882.0
6851.0
6892.0
6861.0
6902.0
6871.0
6912.0
6881.0
6917.0
7841.0
7897.0
7866.0
7922.0
7891.0
7947.0
7816.0
7872.0
4994.0
5031.0
5018.0
5054.0
5023.0
5059.0
5123.0
5169.0
5141.0
5183.0
5152.0
5193.0
5162.0
5194.5
5163.5
5197.0
6202.0
6238.0
6207.0
6243.0
6212.0
6248.0
6217.0
6253.0
6222.0
6258.0
6227.0
6263.0
6232.0
6268.0
6237.0
6273.0
6242.0
6278.0
6247.0
6283.0
6252.0
6288.0
6257.0
6293.0
6262.0
6298.0
6382.0
6423.0
6392.0
6428.0
6397.0
6433.0
6402.0
6438.0
6407.0
6443.0
6412.0
6448.0
6417.0
6458.0
6427.0
6473.0
6442.0
6478.0
6447.0
6483.0
5942.0
5978.0
6617.0
6663.0
6892.0
6933.0
6902.0
6943.0
6912.0
6953.0
6922.0
6963.0
6932.0
6973.0
6942.0
6983.0
6952.0
6993.0
6842.0
6878.0
6847.0
6888.0
6857.0
6898.0
6867.0
6908.0
6877.0
6918.0
6887.0
6923.0
7847.0
7903.0
7872.0
7928.0
7897.0
7953.0
7822.0
7878.0
5042.0
5077.0
5047.0
5082.0
5147.0
5192.0
5165.0
5206.0
5176.0
5216.0
5186.0
5217.5
5187.5
5220.0
6226.0
6261.0
6231.0
6266.0
6236.0
6271.0
6241.0
6276.0
6246.0
6281.0
6251.0
6286.0
6256.0
6291.0
6261.0
6296.0
6266.0
6301.0
6271.0
6306.0
6276.0
6311.0
6281.0
6316.0
6286.0
6321.0
6406.0
6446.0
6416.0
6451.0
6421.0
6456.0
6426.0
6461.0
6431.0
6466.0
6436.0
6471.0
6441.0
6481.0
6451.0
6496.0
6466.0
6501.0
6471.0
6506.0
5966.0
6001.0
6641.0
6686.0
6916.0
6956.0
6926.0
6966.0
6936.0
6976.0
6946.0
6986.0
6956.0
6996.0
6966.0
7006.0
6976.0
7016.0
6866.0
6901.0
6871.0
6911.0
6881.0
6921.0
6891.0
6931.0
6901.0
6941.0
6911.0
6946.0
7871.0
7926.0
7896.0
7951.0
7921.0
7976.0
7846.0
7901.0
5052.0
5087.0
5152.0
5197.0
5170.0
5211.0
5181.0
5221.0
5191.0
5222.5
5192.5
5225.0
6231.0
6266.0
6236.0
6271.0
6241.0
6276.0
6246.0
6281.0
6251.0
6286.0
6256.0
6291.0
6261.0
6296.0
6266.0
6301.0
6271.0
6306.0
6276.0
6311.0
6281.0
6316.0
6286.0
6321.0
6291.0
6326.0
6411.0
6451.0
6421.0
6456.0
6426.0
6461.0
6431.0
6466.0
6436.0
6471.0
6441.0
6476.0
6446.0
6486.0
6456.0
6501.0
6471.0
6506.0
6476.0
6511.0
5971.0
6006.0
6646.0
6691.0
6921.0
6961.0
6931.0
6971.0
6941.0
6981.0
6951.0
6991.0
6961.0
7001.0
6971.0
7011.0
6981.0
7021.0
6871.0
6906.0
6876.0
6916.0
6886.0
6926.0
6896.0
6936.0
6906.0
6946.0
6916.0
6951.0
7876.0
7931.0
7901.0
7956.0
7926.0
7981.0
7851.0
7906.0
5252.0
5307.0
5270.0
5321.0
5281.0
5331.0
5291.0
5332.5
5292.5
5335.0
6331.0
6376.0
6336.0
6381.0
6341.0
6386.0
6346.0
6391.0
6351.0
6396.0
6356.0
6401.0
6361.0
6406.0
6366.0
6411.0
6371.0
6416.0
6376.0
6421.0
6381.0
6426.0
6386.0
6431.0
6391.0
6436.0
6511.0
6561.0
6521.0
6566.0
6526.0
6571.0
6531.0
6576.0
6536.0
6581.0
6541.0
6586.0
6546.0
6596.0
6556.0
6611.0
6571.0
6616.0
6576.0
6621.0
6071.0
6116.0
6746.0
6801.0
7021.0
7071.0
7031.0
7081.0
7041.0
7091.0
7051.0
7101.0
7061.0
7111.0
7071.0
7121.0
7081.0
7131.0
6971.0
7016.0
6976.0
7026.0
6986.0
7036.0
6996.0
7046.0
7006.0
7056.0
7016.0
7061.0
7976.0
8041.0
8001.0
8066.0
8026.0
8091.0
7951.0
8016.0
5288.0
5335.0
5299.0
5345.0
5309.0
5346.5
5310.5
5349.0
6349.0
6390.0
6354.0
6395.0
6359.0
6400.0
6364.0
6405.0
6369.0
6410.0
6374.0
6415.0
6379.0
6420.0
6384.0
6425.0
6389.0
6430.0
6394.0
6435.0
6399.0
6440.0
6404.0
6445.0
6409.0
6450.0
6529.0
6575.0
6539.0
6580.0
6544.0
6585.0
6549.0
6590.0
6554.0
6595.0
6559.0
6600.0
6564.0
6610.0
6574.0
6625.0
6589.0
6630.0
6594.0
6635.0
6089.0
6130.0
6764.0
6815.0
7039.0
7085.0
7049.0
7095.0
7059.0
7105.0
7069.0
7115.0
7079.0
7125.0
7089.0
7135.0
7099.0
7145.0
6989.0
7030.0
6994.0
7040.0
7004.0
7050.0
7014.0
7060.0
7024.0
7070.0
7034.0
7075.0
7994.0
8055.0
8019.0
8080.0
8044.0
8105.0
7969.0
8030.0
5310.0
5355.0
5320.0
5356.5
5321.5
5359.0
6360.0
6400.0
6365.0
6405.0
6370.0
6410.0
6375.0
6415.0
6380.0
6420.0
6385.0
6425.0
6390.0
6430.0
6395.0
6435.0
6400.0
6440.0
6405.0
6445.0
6410.0
6450.0
6415.0
6455.0
6420.0
6460.0
6540.0
6585.0
6550.0
6590.0
6555.0
6595.0
6560.0
6600.0
6565.0
6605.0
6570.0
6610.0
6575.0
6620.0
6585.0
6635.0
6600.0
6640.0
6605.0
6645.0
6100.0
6140.0
6775.0
6825.0
7050.0
7095.0
7060.0
7105.0
7070.0
7115.0
7080.0
7125.0
7090.0
7135.0
7100.0
7145.0
7110.0
7155.0
7000.0
7040.0
7005.0
7050.0
7015.0
7060.0
7025.0
7070.0
7035.0
7080.0
7045.0
7085.0
8005.0
8065.0
8030.0
8090.0
8055.0
8115.0
7980.0
8040.0
5330.0
5358.0
5331.5
5360.5
6370.0
6401.5
6375.0
6406.5
6380.0
6411.5
6385.0
6416.5
6390.0
6421.5
6395.0
6426.5
6400.0
6431.5
6405.0
6436.5
6410.0
6441.5
6415.0
6446.5
6420.0
6451.5
6425.0
6456.5
6430.0
6461.5
6550.0
6586.5
6560.0
6591.5
6565.0
6596.5
6570.0
6601.5
6575.0
6606.5
6580.0
6611.5
6585.0
6621.5
6595.0
6636.5
6610.0
6641.5
6615.0
6646.5
6110.0
6141.5
6785.0
6826.5
7060.0
7096.5
7070.0
7106.5
7080.0
7116.5
7090.0
7126.5
7100.0
7136.5
7110.0
7146.5
7120.0
7156.5
7010.0
7041.5
7015.0
7051.5
7025.0
7061.5
7035.0
7071.5
7045.0
7081.5
7055.0
7086.5
8015.0
8066.5
8040.0
8091.5
8065.0
8116.5
7990.0
8041.5
5333.0
5363.0
6371.5
6404.0
6376.5
6409.0
6381.5
6414.0
6386.5
6419.0
6391.5
6424.0
6396.5
6429.0
6401.5
6434.0
6406.5
6439.0
6411.5
6444.0
6416.5
6449.0
6421.5
6454.0
6426.5
6459.0
6431.5
6464.0
6551.5
6589.0
6561.5
6594.0
6566.5
6599.0
6571.5
6604.0
6576.5
6609.0
6581.5
6614.0
6586.5
6624.0
6596.5
6639.0
6611.5
6644.0
6616.5
6649.0
6111.5
6144.0
6786.5
6829.0
7061.5
7099.0
7071.5
7109.0
7081.5
7119.0
7091.5
7129.0
7101.5
7139.0
7111.5
7149.0
7121.5
7159.0
7011.5
7044.0
7016.5
7054.0
7026.5
7064.0
7036.5
7074.0
7046.5
7084.0
7056.5
7089.0
8016.5
8069.0
8041.5
8094.0
8066.5
8119.0
7991.5
8044.0
7410.0
7445.0
7415.0
7450.0
7420.0
7455.0
7425.0
7460.0
7430.0
7465.0
7435.0
7470.0
7440.0
7475.0
7445.0
7480.0
7450.0
7485.0
7455.0
7490.0
7460.0
7495.0
7465.0
7500.0
7470.0
7505.0
7590.0
7630.0
7600.0
7635.0
7605.0
7640.0
7610.0
7645.0
7615.0
7650.0
7620.0
7655.0
7625.0
7665.0
7635.0
7680.0
7650.0
7685.0
7655.0
7690.0
7150.0
7185.0
7825.0
7870.0
8100.0
8140.0
8110.0
8150.0
8120.0
8160.0
8130.0
8170.0
8140.0
8180.0
8150.0
8190.0
8160.0
8200.0
8050.0
8085.0
8055.0
8095.0
8065.0
8105.0
8075.0
8115.0
8085.0
8125.0
8095.0
8130.0
9055.0
9110.0
9080.0
9135.0
9105.0
9160.0
9030.0
9085.0
7420.0
7455.0
7425.0
7460.0
7430.0
7465.0
7435.0
7470.0
7440.0
7475.0
7445.0
7480.0
7450.0
7485.0
7455.0
7490.0
7460.0
7495.0
7465.0
7500.0
7470.0
7505.0
7475.0
7510.0
7595.0
7635.0
7605.0
7640.0
7610.0
7645.0
7615.0
7650.0
7620.0
7655.0
7625.0
7660.0
7630.0
7670.0
7640.0
7685.0
7655.0
7690.0
7660.0
7695.0
7155.0
7190.0
7830.0
7875.0
8105.0
8145.0
8115.0
8155.0
8125.0
8165.0
8135.0
8175.0
8145.0
8185.0
8155.0
8195.0
8165.0
8205.0
8055.0
8090.0
8060.0
8100.0
8070.0
8110.0
8080.0
8120.0
8090.0
8130.0
8100.0
8135.0
9060.0
9115.0
9085.0
9140.0
9110.0
9165.0
9035.0
9090.0
7430.0
7465.0
7435.0
7470.0
7440.0
7475.0
7445.0
7480.0
7450.0
7485.0
7455.0
7490.0
7460.0
7495.0
7465.0
7500.0
7470.0
7505.0
7475.0
7510.0
7480.0
7515.0
7600.0
7640.0
7610.0
7645.0
7615.0
7650.0
7620.0
7655.0
7625.0
7660.0
7630.0
7665.0
7635.0
7675.0
7645.0
7690.0
7660.0
7695.0
7665.0
7700.0
7160.0
7195.0
7835.0
7880.0
8110.0
8150.0
8120.0
8160.0
8130.0
8170.0
8140.0
8180.0
8150.0
8190.0
8160.0
8200.0
8170.0
8210.0
8060.0
8095.0
8065.0
8105.0
8075.0
8115.0
8085.0
8125.0
8095.0
8135.0
8105.0
8140.0
9065.0
9120.0
9090.0
9145.0
9115.0
9170.0
9040.0
9095.0
7440.0
7475.0
7445.0
7480.0
7450.0
7485.0
7455.0
7490.0
7460.0
7495.0
7465.0
7500.0
7470.0
7505.0
7475.0
7510.0
7480.0
7515.0
7485.0
7520.0
7605.0
7645.0
7615.0
7650.0
7620.0
7655.0
7625.0
7660.0
7630.0
7665.0
7635.0
7670.0
7640.0
7680.0
7650.0
7695.0
7665.0
7700.0
7670.0
7705.0
7165.0
7200.0
7840.0
7885.0
8115.0
8155.0
8125.0
8165.0
8135.0
8175.0
8145.0
8185.0
8155.0
8195.0
8165.0
8205.0
8175.0
8215.0
8065.0
8100.0
8070.0
8110.0
8080.0
8120.0
8090.0
8130.0
8100.0
8140.0
8110.0
8145.0
9070.0
9125.0
9095.0
9150.0
9120.0
9175.0
9045.0
9100.0
7450.0
7485.0
7455.0
7490.0
7460.0
7495.0
7465.0
7500.0
7470.0
7505.0
7475.0
7510.0
7480.0
7515.0
7485.0
7520.0
7490.0
7525.0
7610.0
7650.0
7620.0
7655.0
7625.0
7660.0
7630.0
7665.0
7635.0
7670.0
7640.0
7675.0
7645.0
7685.0
7655.0
7700.0
7670.0
7705.0
7675.0
7710.0
7170.0
7205.0
7845.0
7890.0
8120.0
8160.0
8130.0
8170.0
8140.0
8180.0
8150.0
8190.0
8160.0
8200.0
8170.0
8210.0
8180.0
8220.0
8070.0
8105.0
8075.0
8115.0
8085.0
8125.0
8095.0
8135.0
8105.0
8145.0
8115.0
8150.0
9075.0
9130.0
9100.0
9155.0
9125.0
9180.0
9050.0
9105.0
7460.0
7495.0
7465.0
7500.0
7470.0
7505.0
7475.0
7510.0
7480.0
7515.0
7485.0
7520.0
7490.0
7525.0
7495.0
7530.0
7615.0
7655.0
7625.0
7660.0
7630.0
7665.0
7635.0
7670.0
7640.0
7675.0
7645.0
7680.0
7650.0
7690.0
7660.0
7705.0
7675.0
7710.0
7680.0
7715.0
7175.0
7210.0
7850.0
7895.0
8125.0
8165.0
8135.0
8175.0
8145.0
8185.0
8155.0
8195.0
8165.0
8205.0
8175.0
8215.0
8185.0
8225.0
8075.0
8110.0
8080.0
8120.0
8090.0
8130.0
8100.0
8140.0
8110.0
8150.0
8120.0
8155.0
9080.0
9135.0
9105.0
9160.0
9130.0
9185.0
9055.0
9110.0
7470.0
7505.0
7475.0
7510.0
7480.0
7515.0
7485.0
7520.0
7490.0
7525.0
7495.0
7530.0
7500.0
7535.0
7620.0
7660.0
7630.0
7665.0
7635.0
7670.0
7640.0
7675.0
7645.0
7680.0
7650.0
7685.0
7655.0
7695.0
7665.0
7710.0
7680.0
7715.0
7685.0
7720.0
7180.0
7215.0
7855.0
7900.0
8130.0
8170.0
8140.0
8180.0
8150.0
8190.0
8160.0
8200.0
8170.0
8210.0
8180.0
8220.0
8190.0
8230.0
8080.0
8115.0
8085.0
8125.0
8095.0
8135.0
8105.0
8145.0
8115.0
8155.0
8125.0
8160.0
9085.0
9140.0
9110.0
9165.0
9135.0
9190.0
9060.0
9115.0
7480.0
7515.0
7485.0
7520.0
7490.0
7525.0
7495.0
7530.0
7500.0
7535.0
7505.0
7540.0
7625.0
7665.0
7635.0
7670.0
7640.0
7675.0
7645.0
7680.0
7650.0
7685.0
7655.0
7690.0
7660.0
7700.0
7670.0
7715.0
7685.0
7720.0
7690.0
7725.0
7185.0
7220.0
7860.0
7905.0
8135.0
8175.0
8145.0
8185.0
8155.0
8195.0
8165.0
8205.0
8175.0
8215.0
8185.0
8225.0
8195.0
8235.0
8085.0
8120.0
8090.0
8130.0
8100.0
8140.0
8110.0
8150.0
8120.0
8160.0
8130.0
8165.0
9090.0
9145.0
9115.0
9170.0
9140.0
9195.0
9065.0
9120.0
7490.0
7525.0
7495.0
7530.0
7500.0
7535.0
7505.0
7540.0
7510.0
7545.0
7630.0
7670.0
7640.0
7675.0
7645.0
7680.0
7650.0
7685.0
7655.0
7690.0
7660.0
7695.0
7665.0
7705.0
7675.0
7720.0
7690.0
7725.0
7695.0
7730.0
7190.0
7225.0
7865.0
7910.0
8140.0
8180.0
8150.0
8190.0
8160.0
8200.0
8170.0
8210.0
8180.0
8220.0
8190.0
8230.0
8200.0
8240.0
8090.0
8125.0
8095.0
8135.0
8105.0
8145.0
8115.0
8155.0
8125.0
8165.0
8135.0
8170.0
9095.0
9150.0
9120.0
9175.0
9145.0
9200.0
9070.0
9125.0
7500.0
7535.0
7505.0
7540.0
7510.0
7545.0
7515.0
7550.0
7635.0
7675.0
7645.0
7680.0
7650.0
7685.0
7655.0
7690.0
7660.0
7695.0
7665.0
7700.0
7670.0
7710.0
7680.0
7725.0
7695.0
7730.0
7700.0
7735.0
7195.0
7230.0
7870.0
7915.0
8145.0
8185.0
8155.0
8195.0
8165.0
8205.0
8175.0
8215.0
8185.0
8225.0
8195.0
8235.0
8205.0
8245.0
8095.0
8130.0
8100.0
8140.0
8110.0
8150.0
8120.0
8160.0
8130.0
8170.0
8140.0
8175.0
9100.0
9155.0
9125.0
9180.0
9150.0
9205.0
9075.0
9130.0
7510.0
7545.0
7515.0
7550.0
7520.0
7555.0
7640.0
7680.0
7650.0
7685.0
7655.0
7690.0
7660.0
7695.0
7665.0
7700.0
7670.0
7705.0
7675.0
7715.0
7685.0
7730.0
7700.0
7735.0
7705.0
7740.0
7200.0
7235.0
7875.0
7920.0
8150.0
8190.0
8160.0
8200.0
8170.0
8210.0
8180.0
8220.0
8190.0
8230.0
8200.0
8240.0
8210.0
8250.0
8100.0
8135.0
8105.0
8145.0
8115.0
8155.0
8125.0
8165.0
8135.0
8175.0
8145.0
8180.0
9105.0
9160.0
9130.0
9185.0
9155.0
9210.0
9080.0
9135.0
7520.0
7555.0
7525.0
7560.0
7645.0
7685.0
7655.0
7690.0
7660.0
7695.0
7665.0
7700.0
7670.0
7705.0
7675.0
7710.0
7680.0
7720.0
7690.0
7735.0
7705.0
7740.0
7710.0
7745.0
7205.0
7240.0
7880.0
7925.0
8155.0
8195.0
8165.0
8205.0
8175.0
8215.0
8185.0
8225.0
8195.0
8235.0
8205.0
8245.0
8215.0
8255.0
8105.0
8140.0
8110.0
8150.0
8120.0
8160.0
8130.0
8170.0
8140.0
8180.0
8150.0
8185.0
9110.0
9165.0
9135.0
9190.0
9160.0
9215.0
9085.0
9140.0
7530.0
7565.0
7650.0
7690.0
7660.0
7695.0
7665.0
7700.0
7670.0
7705.0
7675.0
7710.0
7680.0
7715.0
7685.0
7725.0
7695.0
7740.0
7710.0
7745.0
7715.0
7750.0
7210.0
7245.0
7885.0
7930.0
8160.0
8200.0
8170.0
8210.0
8180.0
8220.0
8190.0
8230.0
8200.0
8240.0
8210.0
8250.0
8220.0
8260.0
8110.0
8145.0
8115.0
8155.0
8125.0
8165.0
8135.0
8175.0
8145.0
8185.0
8155.0
8190.0
9115.0
9170.0
9140.0
9195.0
9165.0
9220.0
9090.0
9145.0
7770.0
7815.0
7780.0
7820.0
7785.0
7825.0
7790.0
7830.0
7795.0
7835.0
7800.0
7840.0
7805.0
7850.0
7815.0
7865.0
7830.0
7870.0
7835.0
7875.0
7330.0
7370.0
8005.0
8055.0
8280.0
8325.0
8290.0
8335.0
8300.0
8345.0
8310.0
8355.0
8320.0
8365.0
8330.0
8375.0
8340.0
8385.0
8230.0
8270.0
8235.0
8280.0
8245.0
8290.0
8255.0
8300.0
8265.0
8310.0
8275.0
8315.0
9235.0
9295.0
9260.0
9320.0
9285.0
9345.0
9210.0
9270.0
7790.0
7825.0
7795.0
7830.0
7800.0
7835.0
7805.0
7840.0
7810.0
7845.0
7815.0
7855.0
7825.0
7870.0
7840.0
7875.0
7845.0
7880.0
7340.0
7375.0
8015.0
8060.0
8290.0
8330.0
8300.0
8340.0
8310.0
8350.0
8320.0
8360.0
8330.0
8370.0
8340.0
8380.0
8350.0
8390.0
8240.0
8275.0
8245.0
8285.0
8255.0
8295.0
8265.0
8305.0
8275.0
8315.0
8285.0
8320.0
9245.0
9300.0
9270.0
9325.0
9295.0
9350.0
9220.0
9275.0
7800.0
7835.0
7805.0
7840.0
7810.0
7845.0
7815.0
7850.0
7820.0
7860.0
7830.0
7875.0
7845.0
7880.0
7850.0
7885.0
7345.0
7380.0
8020.0
8065.0
8295.0
8335.0
8305.0
8345.0
8315.0
8355.0
8325.0
8365.0
8335.0
8375.0
8345.0
8385.0
8355.0
8395.0
8245.0
8280.0
8250.0
8290.0
8260.0
8300.0
8270.0
8310.0
8280.0
8320.0
8290.0
8325.0
9250.0
9305.0
9275.0
9330.0
9300.0
9355.0
9225.0
9280.0
7810.0
7845.0
7815.0
7850.0
7820.0
7855.0
7825.0
7865.0
7835.0
7880.0
7850.0
7885.0
7855.0
7890.0
7350.0
7385.0
8025.0
8070.0
8300.0
8340.0
8310.0
8350.0
8320.0
8360.0
8330.0
8370.0
8340.0
8380.0
8350.0
8390.0
8360.0
8400.0
8250.0
8285.0
8255.0
8295.0
8265.0
8305.0
8275.0
8315.0
8285.0
8325.0
8295.0
8330.0
9255.0
9310.0
9280.0
9335.0
9305.0
9360.0
9230.0
9285.0
7820.0
7855.0
7825.0
7860.0
7830.0
7870.0
7840.0
7885.0
7855.0
7890.0
7860.0
7895.0
7355.0
7390.0
8030.0
8075.0
8305.0
8345.0
8315.0
8355.0
8325.0
8365.0
8335.0
8375.0
8345.0
8385.0
8355.0
8395.0
8365.0
8405.0
8255.0
8290.0
8260.0
8300.0
8270.0
8310.0
8280.0
8320.0
8290.0
8330.0
8300.0
8335.0
9260.0
9315.0
9285.0
9340.0
9310.0
9365.0
9235.0
9290.0
7830.0
7865.0
7835.0
7875.0
7845.0
7890.0
7860.0
7895.0
7865.0
7900.0
7360.0
7395.0
8035.0
8080.0
8310.0
8350.0
8320.0
8360.0
8330.0
8370.0
8340.0
8380.0
8350.0
8390.0
8360.0
8400.0
8370.0
8410.0
8260.0
8295.0
8265.0
8305.0
8275.0
8315.0
8285.0
8325.0
8295.0
8335.0
8305.0
8340.0
9265.0
9320.0
9290.0
9345.0
9315.0
9370.0
9240.0
9295.0
7840.0
7885.0
7850.0
7900.0
7865.0
7905.0
7870.0
7910.0
7365.0
7405.0
8040.0
8090.0
8315.0
8360.0
8325.0
8370.0
8335.0
8380.0
8345.0
8390.0
8355.0
8400.0
8365.0
8410.0
8375.0
8420.0
8265.0
8305.0
8270.0
8315.0
8280.0
8325.0
8290.0
8335.0
8300.0
8345.0
8310.0
8350.0
9270.0
9330.0
9295.0
9355.0
9320.0
9380.0
9245.0
9305.0
7860.0
7915.0
7875.0
7920.0
7880.0
7925.0
7375.0
7420.0
8050.0
8105.0
8325.0
8375.0
8335.0
8385.0
8345.0
8395.0
8355.0
8405.0
8365.0
8415.0
8375.0
8425.0
8385.0
8435.0
8275.0
8320.0
8280.0
8330.0
8290.0
8340.0
8300.0
8350.0
8310.0
8360.0
8320.0
8365.0
9280.0
9345.0
9305.0
9370.0
9330.0
9395.0
9255.0
9320.0
7890.0
7925.0
7895.0
7930.0
7390.0
7425.0
8065.0
8110.0
8340.0
8380.0
8350.0
8390.0
8360.0
8400.0
8370.0
8410.0
8380.0
8420.0
8390.0
8430.0
8400.0
8440.0
8290.0
8325.0
8295.0
8335.0
8305.0
8345.0
8315.0
8355.0
8325.0
8365.0
8335.0
8370.0
9295.0
9350.0
9320.0
9375.0
9345.0
9400.0
9270.0
9325.0
7900.0
7935.0
7395.0
7430.0
8070.0
8115.0
8345.0
8385.0
8355.0
8395.0
8365.0
8405.0
8375.0
8415.0
8385.0
8425.0
8395.0
8435.0
8405.0
8445.0
8295.0
8330.0
8300.0
8340.0
8310.0
8350.0
8320.0
8360.0
8330.0
8370.0
8340.0
8375.0
9300.0
9355.0
9325.0
9380.0
9350.0
9405.0
9275.0
9330.0
6890.0
6925.0
7565.0
7610.0
7840.0
7880.0
7850.0
7890.0
7860.0
7900.0
7870.0
7910.0
7880.0
7920.0
7890.0
7930.0
7900.0
7940.0
7790.0
7825.0
7795.0
7835.0
7805.0
7845.0
7815.0
7855.0
7825.0
7865.0
7835.0
7870.0
8795.0
8850.0
8820.0
8875.0
8845.0
8900.0
8770.0
8825.0
8240.0
8295.0
8515.0
8565.0
8525.0
8575.0
8535.0
8585.0
8545.0
8595.0
8555.0
8605.0
8565.0
8615.0
8575.0
8625.0
8465.0
8510.0
8470.0
8520.0
8480.0
8530.0
8490.0
8540.0
8500.0
8550.0
8510.0
8555.0
9470.0
9535.0
9495.0
9560.0
9520.0
9585.0
9445.0
9510.0
8790.0
8835.0
8800.0
8845.0
8810.0
8855.0
8820.0
8865.0
8830.0
8875.0
8840.0
8885.0
8850.0
8895.0
8740.0
8780.0
8745.0
8790.0
8755.0
8800.0
8765.0
8810.0
8775.0
8820.0
8785.0
8825.0
9745.0
9805.0
9770.0
9830.0
9795.0
9855.0
9720.0
9780.0
8810.0
8855.0
8820.0
8865.0
8830.0
8875.0
8840.0
8885.0
8850.0
8895.0
8860.0
8905.0
8750.0
8790.0
8755.0
8800.0
8765.0
8810.0
8775.0
8820.0
8785.0
8830.0
8795.0
8835.0
9755.0
9815.0
9780.0
9840.0
9805.0
9865.0
9730.0
9790.0
8830.0
8875.0
8840.0
8885.0
8850.0
8895.0
8860.0
8905.0
8870.0
8915.0
8760.0
8800.0
8765.0
8810.0
8775.0
8820.0
8785.0
8830.0
8795.0
8840.0
8805.0
8845.0
9765.0
9825.0
9790.0
9850.0
9815.0
9875.0
9740.0
9800.0
8850.0
8895.0
8860.0
8905.0
8870.0
8915.0
8880.0
8925.0
8770.0
8810.0
8775.0
8820.0
8785.0
8830.0
8795.0
8840.0
8805.0
8850.0
8815.0
8855.0
9775.0
9835.0
9800.0
9860.0
9825.0
9885.0
9750.0
9810.0
8870.0
8915.0
8880.0
8925.0
8890.0
8935.0
8780.0
8820.0
8785.0
8830.0
8795.0
8840.0
8805.0
8850.0
8815.0
8860.0
8825.0
8865.0
9785.0
9845.0
9810.0
9870.0
9835.0
9895.0
9760.0
9820.0
8890.0
8935.0
8900.0
8945.0
8790.0
8830.0
8795.0
8840.0
8805.0
8850.0
8815.0
8860.0
8825.0
8870.0
8835.0
8875.0
9795.0
9855.0
9820.0
9880.0
9845.0
9905.0
9770.0
9830.0
8910.0
8955.0
8800.0
8840.0
8805.0
8850.0
8815.0
8860.0
8825.0
8870.0
8835.0
8880.0
8845.0
8885.0
9805.0
9865.0
9830.0
9890.0
9855.0
9915.0
9780.0
9840.0
8690.0
8725.0
8695.0
8735.0
8705.0
8745.0
8715.0
8755.0
8725.0
8765.0
8735.0
8770.0
9695.0
9750.0
9720.0
9775.0
9745.0
9800.0
9670.0
9725.0
8700.0
8745.0
8710.0
8755.0
8720.0
8765.0
8730.0
8775.0
8740.0
8780.0
9700.0
9760.0
9725.0
9785.0
9750.0
9810.0
9675.0
9735.0
8720.0
8765.0
8730.0
8775.0
8740.0
8785.0
8750.0
8790.0
9710.0
9770.0
9735.0
9795.0
9760.0
9820.0
9685.0
9745.0
8740.0
8785.0
8750.0
8795.0
8760.0
8800.0
9720.0
9780.0
9745.0
9805.0
9770.0
9830.0
9695.0
9755.0
8760.0
8805.0
8770.0
8810.0
9730.0
9790.0
9755.0
9815.0
9780.0
9840.0
9705.0
9765.0
8780.0
8815.0
9740.0
9795.0
9765.0
9820.0
9790.0
9845.0
9715.0
9770.0
10700.0
10775.0
10725.0
10800.0
10750.0
10825.0
10675.0
10750.0
10750.0
10825.0
10775.0
10850.0
10700.0
10775.0
10800.0
10875.0
10725.0
10800.0
10650.0
10725.0
