3594.0
3631.0
3588.0
3625.0
3582.0
3619.0
3606.0
3643.0
3600.0
3637.0
3577.0
3613.0
3572.0
3608.0
3462.0
3508.0
3448.0
3490.0
3438.0
3479.0
3436.5
3469.0
3434.0
3467.5
2393.0
2429.0
2388.0
2424.0
2383.0
2419.0
2378.0
2414.0
2373.0
2409.0
2368.0
2404.0
2363.0
2399.0
2358.0
2394.0
2353.0
2389.0
2348.0
2384.0
2343.0
2379.0
2338.0
2374.0
2333.0
2369.0
2208.0
2249.0
2203.0
2239.0
2198.0
2234.0
2193.0
2229.0
2188.0
2224.0
2183.0
2219.0
2173.0
2214.0
2158.0
2204.0
2153.0
2189.0
2148.0
2184.0
2653.0
2689.0
1968.0
2014.0
1698.0
1739.0
1688.0
1729.0
1678.0
1719.0
1668.0
1709.0
1658.0
1699.0
1648.0
1689.0
1638.0
1679.0
1753.0
1789.0
1743.0
1784.0
1733.0
1774.0
1723.0
1764.0
1713.0
1754.0
1708.0
1744.0
728.0
784.0
703.0
759.0
678.0
734.0
753.0
809.0
3594.0
3631.0
3588.0
3625.0
3612.0
3649.0
3606.0
3643.0
3583.0
3619.0
3578.0
3614.0
3468.0
3514.0
3454.0
3496.0
3444.0
3485.0
3442.5
3475.0
3440.0
3473.5
2399.0
2435.0
2394.0
2430.0
2389.0
2425.0
2384.0
2420.0
2379.0
2415.0
2374.0
2410.0
2369.0
2405.0
2364.0
2400.0
2359.0
2395.0
2354.0
2390.0
2349.0
2385.0
2344.0
2380.0
2339.0
2375.0
2214.0
2255.0
2209.0
2245.0
2204.0
2240.0
2199.0
2235.0
2194.0
2230.0
2189.0
2225.0
2179.0
2220.0
2164.0
2210.0
2159.0
2195.0
2154.0
2190.0
2659.0
2695.0
1974.0
2020.0
1704.0
1745.0
1694.0
1735.0
1684.0
1725.0
1674.0
1715.0
1664.0
1705.0
1654.0
1695.0
1644.0
1685.0
1759.0
1795.0
1749.0
1790.0
1739.0
1780.0
1729.0
1770.0
1719.0
1760.0
1714.0
1750.0
734.0
790.0
709.0
765.0
684.0
740.0
759.0
815.0
3594.0
3631.0
3618.0
3655.0
3612.0
3649.0
3589.0
3625.0
3584.0
3620.0
3474.0
3520.0
3460.0
3502.0
3450.0
3491.0
3448.5
3481.0
3446.0
3479.5
2405.0
2441.0
2400.0
2436.0
2395.0
2431.0
2390.0
2426.0
2385.0
2421.0
2380.0
2416.0
2375.0
2411.0
2370.0
2406.0
2365.0
2401.0
2360.0
2396.0
2355.0
2391.0
2350.0
2386.0
2345.0
2381.0
2220.0
2261.0
2215.0
2251.0
2210.0
2246.0
2205.0
2241.0
2200.0
2236.0
2195.0
2231.0
2185.0
2226.0
2170.0
2216.0
2165.0
2201.0
2160.0
2196.0
2665.0
2701.0
1980.0
2026.0
1710.0
1751.0
1700.0
1741.0
1690.0
1731.0
1680.0
1721.0
1670.0
1711.0
1660.0
1701.0
1650.0
1691.0
1765.0
1801.0
1755.0
1796.0
1745.0
1786.0
1735.0
1776.0
1725.0
1766.0
1720.0
1756.0
740.0
796.0
715.0
771.0
690.0
746.0
765.0
821.0
3594.0
3631.0
3588.0
3625.0
3565.0
3601.0
3560.0
3596.0
3450.0
3496.0
3436.0
3478.0
3426.0
3467.0
3424.5
3457.0
3422.0
3455.5
2381.0
2417.0
2376.0
2412.0
2371.0
2407.0
2366.0
2402.0
2361.0
2397.0
2356.0
2392.0
2351.0
2387.0
2346.0
2382.0
2341.0
2377.0
2336.0
2372.0
2331.0
2367.0
2326.0
2362.0
2321.0
2357.0
2196.0
2237.0
2191.0
2227.0
2186.0
2222.0
2181.0
2217.0
2176.0
2212.0
2171.0
2207.0
2161.0
2202.0
2146.0
2192.0
2141.0
2177.0
2136.0
2172.0
2641.0
2677.0
1956.0
2002.0
1686.0
1727.0
1676.0
1717.0
1666.0
1707.0
1656.0
1697.0
1646.0
1687.0
1636.0
1677.0
1626.0
1667.0
1741.0
1777.0
1731.0
1772.0
1721.0
1762.0
1711.0
1752.0
1701.0
1742.0
1696.0
1732.0
716.0
772.0
691.0
747.0
666.0
722.0
741.0
797.0
3594.0
3631.0
3571.0
3607.0
3566.0
3602.0
3456.0
3502.0
3442.0
3484.0
3432.0
3473.0
3430.5
3463.0
3428.0
3461.5
2387.0
2423.0
2382.0
2418.0
2377.0
2413.0
2372.0
2408.0
2367.0
2403.0
2362.0
2398.0
2357.0
2393.0
2352.0
2388.0
2347.0
2383.0
2342.0
2378.0
2337.0
2373.0
2332.0
2368.0
2327.0
2363.0
2202.0
2243.0
2197.0
2233.0
2192.0
2228.0
2187.0
2223.0
2182.0
2218.0
2177.0
2213.0
2167.0
2208.0
2152.0
2198.0
2147.0
2183.0
2142.0
2178.0
2647.0
2683.0
1962.0
2008.0
1692.0
1733.0
1682.0
1723.0
1672.0
1713.0
1662.0
1703.0
1652.0
1693.0
1642.0
1683.0
1632.0
1673.0
1747.0
1783.0
1737.0
1778.0
1727.0
1768.0
1717.0
1758.0
1707.0
1748.0
1702.0
1738.0
722.0
778.0
697.0
753.0
672.0
728.0
747.0
803.0
3595.0
3630.0
3590.0
3625.0
3480.0
3525.0
3466.0
3507.0
3456.0
3496.0
3454.5
3486.0
3452.0
3484.5
2411.0
2446.0
2406.0
2441.0
2401.0
2436.0
2396.0
2431.0
2391.0
2426.0
2386.0
2421.0
2381.0
2416.0
2376.0
2411.0
2371.0
2406.0
2366.0
2401.0
2361.0
2396.0
2356.0
2391.0
2351.0
2386.0
2226.0
2266.0
2221.0
2256.0
2216.0
2251.0
2211.0
2246.0
2206.0
2241.0
2201.0
2236.0
2191.0
2231.0
2176.0
2221.0
2171.0
2206.0
2166.0
2201.0
2671.0
2706.0
1986.0
2031.0
1716.0
1756.0
1706.0
1746.0
1696.0
1736.0
1686.0
1726.0
1676.0
1716.0
1666.0
1706.0
1656.0
1696.0
1771.0
1806.0
1761.0
1801.0
1751.0
1791.0
1741.0
1781.0
1731.0
1771.0
1726.0
1761.0
746.0
801.0
721.0
776.0
696.0
751.0
771.0
826.0
3595.0
3630.0
3485.0
3530.0
3471.0
3512.0
3461.0
3501.0
3459.5
3491.0
3457.0
3489.5
2416.0
2451.0
2411.0
2446.0
2406.0
2441.0
2401.0
2436.0
2396.0
2431.0
2391.0
2426.0
2386.0
2421.0
2381.0
2416.0
2376.0
2411.0
2371.0
2406.0
2366.0
2401.0
2361.0
2396.0
2356.0
2391.0
2231.0
2271.0
2226.0
2261.0
2221.0
2256.0
2216.0
2251.0
2211.0
2246.0
2206.0
2241.0
2196.0
2236.0
2181.0
2226.0
2176.0
2211.0
2171.0
2206.0
2676.0
2711.0
1991.0
2036.0
1721.0
1761.0
1711.0
1751.0
1701.0
1741.0
1691.0
1731.0
1681.0
1721.0
1671.0
1711.0
1661.0
1701.0
1776.0
1811.0
1766.0
1806.0
1756.0
1796.0
1746.0
1786.0
1736.0
1776.0
1731.0
1766.0
751.0
806.0
726.0
781.0
701.0
756.0
776.0
831.0
3585.0
3640.0
3571.0
3622.0
3561.0
3611.0
3559.5
3601.0
3557.0
3599.5
2516.0
2561.0
2511.0
2556.0
2506.0
2551.0
2501.0
2546.0
2496.0
2541.0
2491.0
2536.0
2486.0
2531.0
2481.0
2526.0
2476.0
2521.0
2471.0
2516.0
2466.0
2511.0
2461.0
2506.0
2456.0
2501.0
2331.0
2381.0
2326.0
2371.0
2321.0
2366.0
2316.0
2361.0
2311.0
2356.0
2306.0
2351.0
2296.0
2346.0
2281.0
2336.0
2276.0
2321.0
2271.0
2316.0
2776.0
2821.0
2091.0
2146.0
1821.0
1871.0
1811.0
1861.0
1801.0
1851.0
1791.0
1841.0
1781.0
1831.0
1771.0
1821.0
1761.0
1811.0
1876.0
1921.0
1866.0
1916.0
1856.0
1906.0
1846.0
1896.0
1836.0
1886.0
1831.0
1876.0
851.0
916.0
826.0
891.0
801.0
866.0
876.0
941.0
3589.0
3636.0
3579.0
3625.0
3577.5
3615.0
3575.0
3613.5
2534.0
2575.0
2529.0
2570.0
2524.0
2565.0
2519.0
2560.0
2514.0
2555.0
2509.0
2550.0
2504.0
2545.0
2499.0
2540.0
2494.0
2535.0
2489.0
2530.0
2484.0
2525.0
2479.0
2520.0
2474.0
2515.0
2349.0
2395.0
2344.0
2385.0
2339.0
2380.0
2334.0
2375.0
2329.0
2370.0
2324.0
2365.0
2314.0
2360.0
2299.0
2350.0
2294.0
2335.0
2289.0
2330.0
2794.0
2835.0
2109.0
2160.0
1839.0
1885.0
1829.0
1875.0
1819.0
1865.0
1809.0
1855.0
1799.0
1845.0
1789.0
1835.0
1779.0
1825.0
1894.0
1935.0
1884.0
1930.0
1874.0
1920.0
1864.0
1910.0
1854.0
1900.0
1849.0
1890.0
869.0
930.0
844.0
905.0
819.0
880.0
894.0
955.0
3590.0
3635.0
3588.5
3625.0
3586.0
3623.5
2545.0
2585.0
2540.0
2580.0
2535.0
2575.0
2530.0
2570.0
2525.0
2565.0
2520.0
2560.0
2515.0
2555.0
2510.0
2550.0
2505.0
2545.0
2500.0
2540.0
2495.0
2535.0
2490.0
2530.0
2485.0
2525.0
2360.0
2405.0
2355.0
2395.0
2350.0
2390.0
2345.0
2385.0
2340.0
2380.0
2335.0
2375.0
2325.0
2370.0
2310.0
2360.0
2305.0
2345.0
2300.0
2340.0
2805.0
2845.0
2120.0
2170.0
1850.0
1895.0
1840.0
1885.0
1830.0
1875.0
1820.0
1865.0
1810.0
1855.0
1800.0
1845.0
1790.0
1835.0
1905.0
1945.0
1895.0
1940.0
1885.0
1930.0
1875.0
1920.0
1865.0
1910.0
1860.0
1900.0
880.0
940.0
855.0
915.0
830.0
890.0
905.0
965.0
3598.5
3626.5
3596.0
3625.0
2555.0
2586.5
2550.0
2581.5
2545.0
2576.5
2540.0
2571.5
2535.0
2566.5
2530.0
2561.5
2525.0
2556.5
2520.0
2551.5
2515.0
2546.5
2510.0
2541.5
2505.0
2536.5
2500.0
2531.5
2495.0
2526.5
2370.0
2406.5
2365.0
2396.5
2360.0
2391.5
2355.0
2386.5
2350.0
2381.5
2345.0
2376.5
2335.0
2371.5
2320.0
2361.5
2315.0
2346.5
2310.0
2341.5
2815.0
2846.5
2130.0
2171.5
1860.0
1896.5
1850.0
1886.5
1840.0
1876.5
1830.0
1866.5
1820.0
1856.5
1810.0
1846.5
1800.0
1836.5
1915.0
1946.5
1905.0
1941.5
1895.0
1931.5
1885.0
1921.5
1875.0
1911.5
1870.0
1901.5
890.0
941.5
865.0
916.5
840.0
891.5
915.0
966.5
3597.5
3627.5
2556.5
2589.0
2551.5
2584.0
2546.5
2579.0
2541.5
2574.0
2536.5
2569.0
2531.5
2564.0
2526.5
2559.0
2521.5
2554.0
2516.5
2549.0
2511.5
2544.0
2506.5
2539.0
2501.5
2534.0
2496.5
2529.0
2371.5
2409.0
2366.5
2399.0
2361.5
2394.0
2356.5
2389.0
2351.5
2384.0
2346.5
2379.0
2336.5
2374.0
2321.5
2364.0
2316.5
2349.0
2311.5
2344.0
2816.5
2849.0
2131.5
2174.0
1861.5
1899.0
1851.5
1889.0
1841.5
1879.0
1831.5
1869.0
1821.5
1859.0
1811.5
1849.0
1801.5
1839.0
1916.5
1949.0
1906.5
1944.0
1896.5
1934.0
1886.5
1924.0
1876.5
1914.0
1871.5
1904.0
891.5
944.0
866.5
919.0
841.5
894.0
916.5
969.0
3595.0
3630.0
3590.0
3625.0
3585.0
3620.0
3580.0
3615.0
3575.0
3610.0
3570.0
3605.0
3565.0
3600.0
3560.0
3595.0
3555.0
3590.0
3550.0
3585.0
3545.0
3580.0
3540.0
3575.0
3535.0
3570.0
3410.0
3450.0
3405.0
3440.0
3400.0
3435.0
3395.0
3430.0
3390.0
3425.0
3385.0
3420.0
3375.0
3415.0
3360.0
3405.0
3355.0
3390.0
3350.0
3385.0
3855.0
3890.0
3170.0
3215.0
2900.0
2940.0
2890.0
2930.0
2880.0
2920.0
2870.0
2910.0
2860.0
2900.0
2850.0
2890.0
2840.0
2880.0
2955.0
2990.0
2945.0
2985.0
2935.0
2975.0
2925.0
2965.0
2915.0
2955.0
2910.0
2945.0
1930.0
1985.0
1905.0
1960.0
1880.0
1935.0
1955.0
2010.0
3595.0
3630.0
3590.0
3625.0
3585.0
3620.0
3580.0
3615.0
3575.0
3610.0
3570.0
3605.0
3565.0
3600.0
3560.0
3595.0
3555.0
3590.0
3550.0
3585.0
3545.0
3580.0
3540.0
3575.0
3415.0
3455.0
3410.0
3445.0
3405.0
3440.0
3400.0
3435.0
3395.0
3430.0
3390.0
3425.0
3380.0
3420.0
3365.0
3410.0
3360.0
3395.0
3355.0
3390.0
3860.0
3895.0
3175.0
3220.0
2905.0
2945.0
2895.0
2935.0
2885.0
2925.0
2875.0
2915.0
2865.0
2905.0
2855.0
2895.0
2845.0
2885.0
2960.0
2995.0
2950.0
2990.0
2940.0
2980.0
2930.0
2970.0
2920.0
2960.0
2915.0
2950.0
1935.0
1990.0
1910.0
1965.0
1885.0
1940.0
1960.0
2015.0
3595.0
3630.0
3590.0
3625.0
3585.0
3620.0
3580.0
3615.0
3575.0
3610.0
3570.0
3605.0
3565.0
3600.0
3560.0
3595.0
3555.0
3590.0
3550.0
3585.0
3545.0
3580.0
3420.0
3460.0
3415.0
3450.0
3410.0
3445.0
3405.0
3440.0
3400.0
3435.0
3395.0
3430.0
3385.0
3425.0
3370.0
3415.0
3365.0
3400.0
3360.0
3395.0
3865.0
3900.0
3180.0
3225.0
2910.0
2950.0
2900.0
2940.0
2890.0
2930.0
2880.0
2920.0
2870.0
2910.0
2860.0
2900.0
2850.0
2890.0
2965.0
3000.0
2955.0
2995.0
2945.0
2985.0
2935.0
2975.0
2925.0
2965.0
2920.0
2955.0
1940.0
1995.0
1915.0
1970.0
1890.0
1945.0
1965.0
2020.0
3595.0
3630.0
3590.0
3625.0
3585.0
3620.0
3580.0
3615.0
3575.0
3610.0
3570.0
3605.0
3565.0
3600.0
3560.0
3595.0
3555.0
3590.0
3550.0
3585.0
3425.0
3465.0
3420.0
3455.0
3415.0
3450.0
3410.0
3445.0
3405.0
3440.0
3400.0
3435.0
3390.0
3430.0
3375.0
3420.0
3370.0
3405.0
3365.0
3400.0
3870.0
3905.0
3185.0
3230.0
2915.0
2955.0
2905.0
2945.0
2895.0
2935.0
2885.0
2925.0
2875.0
2915.0
2865.0
2905.0
2855.0
2895.0
2970.0
3005.0
2960.0
3000.0
2950.0
2990.0
2940.0
2980.0
2930.0
2970.0
2925.0
2960.0
1945.0
2000.0
1920.0
1975.0
1895.0
1950.0
1970.0
2025.0
3595.0
3630.0
3590.0
3625.0
3585.0
3620.0
3580.0
3615.0
3575.0
3610.0
3570.0
3605.0
3565.0
3600.0
3560.0
3595.0
3555.0
3590.0
3430.0
3470.0
3425.0
3460.0
3420.0
3455.0
3415.0
3450.0
3410.0
3445.0
3405.0
3440.0
3395.0
3435.0
3380.0
3425.0
3375.0
3410.0
3370.0
3405.0
3875.0
3910.0
3190.0
3235.0
2920.0
2960.0
2910.0
2950.0
2900.0
2940.0
2890.0
2930.0
2880.0
2920.0
2870.0
2910.0
2860.0
2900.0
2975.0
3010.0
2965.0
3005.0
2955.0
2995.0
2945.0
2985.0
2935.0
2975.0
2930.0
2965.0
1950.0
2005.0
1925.0
1980.0
1900.0
1955.0
1975.0
2030.0
3595.0
3630.0
3590.0
3625.0
3585.0
3620.0
3580.0
3615.0
3575.0
3610.0
3570.0
3605.0
3565.0
3600.0
3560.0
3595.0
3435.0
3475.0
3430.0
3465.0
3425.0
3460.0
3420.0
3455.0
3415.0
3450.0
3410.0
3445.0
3400.0
3440.0
3385.0
3430.0
3380.0
3415.0
3375.0
3410.0
3880.0
3915.0
3195.0
3240.0
2925.0
2965.0
2915.0
2955.0
2905.0
2945.0
2895.0
2935.0
2885.0
2925.0
2875.0
2915.0
2865.0
2905.0
2980.0
3015.0
2970.0
3010.0
2960.0
3000.0
2950.0
2990.0
2940.0
2980.0
2935.0
2970.0
1955.0
2010.0
1930.0
1985.0
1905.0
1960.0
1980.0
2035.0
3595.0
3630.0
3590.0
3625.0
3585.0
3620.0
3580.0
3615.0
3575.0
3610.0
3570.0
3605.0
3565.0
3600.0
3440.0
3480.0
3435.0
3470.0
3430.0
3465.0
3425.0
3460.0
3420.0
3455.0
3415.0
3450.0
3405.0
3445.0
3390.0
3435.0
3385.0
3420.0
3380.0
3415.0
3885.0
3920.0
3200.0
3245.0
2930.0
2970.0
2920.0
2960.0
2910.0
2950.0
2900.0
2940.0
2890.0
2930.0
2880.0
2920.0
2870.0
2910.0
2985.0
3020.0
2975.0
3015.0
2965.0
3005.0
2955.0
2995.0
2945.0
2985.0
2940.0
2975.0
1960.0
2015.0
1935.0
1990.0
1910.0
1965.0
1985.0
2040.0
3595.0
3630.0
3590.0
3625.0
3585.0
3620.0
3580.0
3615.0
3575.0
3610.0
3570.0
3605.0
3445.0
3485.0
3440.0
3475.0
3435.0
3470.0
3430.0
3465.0
3425.0
3460.0
3420.0
3455.0
3410.0
3450.0
3395.0
3440.0
3390.0
3425.0
3385.0
3420.0
3890.0
3925.0
3205.0
3250.0
2935.0
2975.0
2925.0
2965.0
2915.0
2955.0
2905.0
2945.0
2895.0
2935.0
2885.0
2925.0
2875.0
2915.0
2990.0
3025.0
2980.0
3020.0
2970.0
3010.0
2960.0
3000.0
2950.0
2990.0
2945.0
2980.0
1965.0
2020.0
1940.0
1995.0
1915.0
1970.0
1990.0
2045.0
3595.0
3630.0
3590.0
3625.0
3585.0
3620.0
3580.0
3615.0
3575.0
3610.0
3450.0
3490.0
3445.0
3480.0
3440.0
3475.0
3435.0
3470.0
3430.0
3465.0
3425.0
3460.0
3415.0
3455.0
3400.0
3445.0
3395.0
3430.0
3390.0
3425.0
3895.0
3930.0
3210.0
3255.0
2940.0
2980.0
2930.0
2970.0
2920.0
2960.0
2910.0
2950.0
2900.0
2940.0
2890.0
2930.0
2880.0
2920.0
2995.0
3030.0
2985.0
3025.0
2975.0
3015.0
2965.0
3005.0
2955.0
2995.0
2950.0
2985.0
1970.0
2025.0
1945.0
2000.0
1920.0
1975.0
1995.0
2050.0
3595.0
3630.0
3590.0
3625.0
3585.0
3620.0
3580.0
3615.0
3455.0
3495.0
3450.0
3485.0
3445.0
3480.0
3440.0
3475.0
3435.0
3470.0
3430.0
3465.0
3420.0
3460.0
3405.0
3450.0
3400.0
3435.0
3395.0
3430.0
3900.0
3935.0
3215.0
3260.0
2945.0
2985.0
2935.0
2975.0
2925.0
2965.0
2915.0
2955.0
2905.0
2945.0
2895.0
2935.0
2885.0
2925.0
3000.0
3035.0
2990.0
3030.0
2980.0
3020.0
2970.0
3010.0
2960.0
3000.0
2955.0
2990.0
1975.0
2030.0
1950.0
2005.0
1925.0
1980.0
2000.0
2055.0
3595.0
3630.0
3590.0
3625.0
3585.0
3620.0
3460.0
3500.0
3455.0
3490.0
3450.0
3485.0
3445.0
3480.0
3440.0
3475.0
3435.0
3470.0
3425.0
3465.0
3410.0
3455.0
3405.0
3440.0
3400.0
3435.0
3905.0
3940.0
3220.0
3265.0
2950.0
2990.0
2940.0
2980.0
2930.0
2970.0
2920.0
2960.0
2910.0
2950.0
2900.0
2940.0
2890.0
2930.0
3005.0
3040.0
2995.0
3035.0
2985.0
3025.0
2975.0
3015.0
2965.0
3005.0
2960.0
2995.0
1980.0
2035.0
1955.0
2010.0
1930.0
1985.0
2005.0
2060.0
3595.0
3630.0
3590.0
3625.0
3465.0
3505.0
3460.0
3495.0
3455.0
3490.0
3450.0
3485.0
3445.0
3480.0
3440.0
3475.0
3430.0
3470.0
3415.0
3460.0
3410.0
3445.0
3405.0
3440.0
3910.0
3945.0
3225.0
3270.0
2955.0
2995.0
2945.0
2985.0
2935.0
2975.0
2925.0
2965.0
2915.0
2955.0
2905.0
2945.0
2895.0
2935.0
3010.0
3045.0
3000.0
3040.0
2990.0
3030.0
2980.0
3020.0
2970.0
3010.0
2965.0
3000.0
1985.0
2040.0
1960.0
2015.0
1935.0
1990.0
2010.0
2065.0
3595.0
3630.0
3470.0
3510.0
3465.0
3500.0
3460.0
3495.0
3455.0
3490.0
3450.0
3485.0
3445.0
3480.0
3435.0
3475.0
3420.0
3465.0
3415.0
3450.0
3410.0
3445.0
3915.0
3950.0
3230.0
3275.0
2960.0
3000.0
2950.0
2990.0
2940.0
2980.0
2930.0
2970.0
2920.0
2960.0
2910.0
2950.0
2900.0
2940.0
3015.0
3050.0
3005.0
3045.0
2995.0
3035.0
2985.0
3025.0
2975.0
3015.0
2970.0
3005.0
1990.0
2045.0
1965.0
2020.0
1940.0
1995.0
2015.0
2070.0
3590.0
3635.0
3585.0
3625.0
3580.0
3620.0
3575.0
3615.0
3570.0
3610.0
3565.0
3605.0
3555.0
3600.0
3540.0
3590.0
3535.0
3575.0
3530.0
3570.0
4035.0
4075.0
3350.0
3400.0
3080.0
3125.0
3070.0
3115.0
3060.0
3105.0
3050.0
3095.0
3040.0
3085.0
3030.0
3075.0
3020.0
3065.0
3135.0
3175.0
3125.0
3170.0
3115.0
3160.0
3105.0
3150.0
3095.0
3140.0
3090.0
3130.0
2110.0
2170.0
2085.0
2145.0
2060.0
2120.0
2135.0
2195.0
3595.0
3630.0
3590.0
3625.0
3585.0
3620.0
3580.0
3615.0
3575.0
3610.0
3565.0
3605.0
3550.0
3595.0
3545.0
3580.0
3540.0
3575.0
4045.0
4080.0
3360.0
3405.0
3090.0
3130.0
3080.0
3120.0
3070.0
3110.0
3060.0
3100.0
3050.0
3090.0
3040.0
3080.0
3030.0
3070.0
3145.0
3180.0
3135.0
3175.0
3125.0
3165.0
3115.0
3155.0
3105.0
3145.0
3100.0
3135.0
2120.0
2175.0
2095.0
2150.0
2070.0
2125.0
2145.0
2200.0
3595.0
3630.0
3590.0
3625.0
3585.0
3620.0
3580.0
3615.0
3570.0
3610.0
3555.0
3600.0
3550.0
3585.0
3545.0
3580.0
4050.0
4085.0
3365.0
3410.0
3095.0
3135.0
3085.0
3125.0
3075.0
3115.0
3065.0
3105.0
3055.0
3095.0
3045.0
3085.0
3035.0
3075.0
3150.0
3185.0
3140.0
3180.0
3130.0
3170.0
3120.0
3160.0
3110.0
3150.0
3105.0
3140.0
2125.0
2180.0
2100.0
2155.0
2075.0
2130.0
2150.0
2205.0
3595.0
3630.0
3590.0
3625.0
3585.0
3620.0
3575.0
3615.0
3560.0
3605.0
3555.0
3590.0
3550.0
3585.0
4055.0
4090.0
3370.0
3415.0
3100.0
3140.0
3090.0
3130.0
3080.0
3120.0
3070.0
3110.0
3060.0
3100.0
3050.0
3090.0
3040.0
3080.0
3155.0
3190.0
3145.0
3185.0
3135.0
3175.0
3125.0
3165.0
3115.0
3155.0
3110.0
3145.0
2130.0
2185.0
2105.0
2160.0
2080.0
2135.0
2155.0
2210.0
3595.0
3630.0
3590.0
3625.0
3580.0
3620.0
3565.0
3610.0
3560.0
3595.0
3555.0
3590.0
4060.0
4095.0
3375.0
3420.0
3105.0
3145.0
3095.0
3135.0
3085.0
3125.0
3075.0
3115.0
3065.0
3105.0
3055.0
3095.0
3045.0
3085.0
3160.0
3195.0
3150.0
3190.0
3140.0
3180.0
3130.0
3170.0
3120.0
3160.0
3115.0
3150.0
2135.0
2190.0
2110.0
2165.0
2085.0
2140.0
2160.0
2215.0
3595.0
3630.0
3585.0
3625.0
3570.0
3615.0
3565.0
3600.0
3560.0
3595.0
4065.0
4100.0
3380.0
3425.0
3110.0
3150.0
3100.0
3140.0
3090.0
3130.0
3080.0
3120.0
3070.0
3110.0
3060.0
3100.0
3050.0
3090.0
3165.0
3200.0
3155.0
3195.0
3145.0
3185.0
3135.0
3175.0
3125.0
3165.0
3120.0
3155.0
2140.0
2195.0
2115.0
2170.0
2090.0
2145.0
2165.0
2220.0
3590.0
3635.0
3575.0
3625.0
3570.0
3610.0
3565.0
3605.0
4070.0
4110.0
3385.0
3435.0
3115.0
3160.0
3105.0
3150.0
3095.0
3140.0
3085.0
3130.0
3075.0
3120.0
3065.0
3110.0
3055.0
3100.0
3170.0
3210.0
3160.0
3205.0
3150.0
3195.0
3140.0
3185.0
3130.0
3175.0
3125.0
3165.0
2145.0
2205.0
2120.0
2180.0
2095.0
2155.0
2170.0
2230.0
3585.0
3640.0
3580.0
3625.0
3575.0
3620.0
4080.0
4125.0
3395.0
3450.0
3125.0
3175.0
3115.0
3165.0
3105.0
3155.0
3095.0
3145.0
3085.0
3135.0
3075.0
3125.0
3065.0
3115.0
3180.0
3225.0
3170.0
3220.0
3160.0
3210.0
3150.0
3200.0
3140.0
3190.0
3135.0
3180.0
2155.0
2220.0
2130.0
2195.0
2105.0
2170.0
2180.0
2245.0
3595.0
3630.0
3590.0
3625.0
4095.0
4130.0
3410.0
3455.0
3140.0
3180.0
3130.0
3170.0
3120.0
3160.0
3110.0
3150.0
3100.0
3140.0
3090.0
3130.0
3080.0
3120.0
3195.0
3230.0
3185.0
3225.0
3175.0
3215.0
3165.0
3205.0
3155.0
3195.0
3150.0
3185.0
2170.0
2225.0
2145.0
2200.0
2120.0
2175.0
2195.0
2250.0
3595.0
3630.0
4100.0
4135.0
3415.0
3460.0
3145.0
3185.0
3135.0
3175.0
3125.0
3165.0
3115.0
3155.0
3105.0
3145.0
3095.0
3135.0
3085.0
3125.0
3200.0
3235.0
3190.0
3230.0
3180.0
3220.0
3170.0
3210.0
3160.0
3200.0
3155.0
3190.0
2175.0
2230.0
2150.0
2205.0
2125.0
2180.0
2200.0
2255.0
3595.0
3630.0
2910.0
2955.0
2640.0
2680.0
2630.0
2670.0
2620.0
2660.0
2610.0
2650.0
2600.0
2640.0
2590.0
2630.0
2580.0
2620.0
2695.0
2730.0
2685.0
2725.0
2675.0
2715.0
2665.0
2705.0
2655.0
2695.0
2650.0
2685.0
1670.0
1725.0
1645.0
1700.0
1620.0
1675.0
1695.0
1750.0
3585.0
3640.0
3315.0
3365.0
3305.0
3355.0
3295.0
3345.0
3285.0
3335.0
3275.0
3325.0
3265.0
3315.0
3255.0
3305.0
3370.0
3415.0
3360.0
3410.0
3350.0
3400.0
3340.0
3390.0
3330.0
3380.0
3325.0
3370.0
2345.0
2410.0
2320.0
2385.0
2295.0
2360.0
2370.0
2435.0
3590.0
3635.0
3580.0
3625.0
3570.0
3615.0
3560.0
3605.0
3550.0
3595.0
3540.0
3585.0
3530.0
3575.0
3645.0
3685.0
3635.0
3680.0
3625.0
3670.0
3615.0
3660.0
3605.0
3650.0
3600.0
3640.0
2620.0
2680.0
2595.0
2655.0
2570.0
2630.0
2645.0
2705.0
3590.0
3635.0
3580.0
3625.0
3570.0
3615.0
3560.0
3605.0
3550.0
3595.0
3540.0
3585.0
3655.0
3695.0
3645.0
3690.0
3635.0
3680.0
3625.0
3670.0
3615.0
3660.0
3610.0
3650.0
2630.0
2690.0
2605.0
2665.0
2580.0
2640.0
2655.0
2715.0
3590.0
3635.0
3580.0
3625.0
3570.0
3615.0
3560.0
3605.0
3550.0
3595.0
3665.0
3705.0
3655.0
3700.0
3645.0
3690.0
3635.0
3680.0
3625.0
3670.0
3620.0
3660.0
2640.0
2700.0
2615.0
2675.0
2590.0
2650.0
2665.0
2725.0
3590.0
3635.0
3580.0
3625.0
3570.0
3615.0
3560.0
3605.0
3675.0
3715.0
3665.0
3710.0
3655.0
3700.0
3645.0
3690.0
3635.0
3680.0
3630.0
3670.0
2650.0
2710.0
2625.0
2685.0
2600.0
2660.0
2675.0
2735.0
3590.0
3635.0
3580.0
3625.0
3570.0
3615.0
3685.0
3725.0
3675.0
3720.0
3665.0
3710.0
3655.0
3700.0
3645.0
3690.0
3640.0
3680.0
2660.0
2720.0
2635.0
2695.0
2610.0
2670.0
2685.0
2745.0
3590.0
3635.0
3580.0
3625.0
3695.0
3735.0
3685.0
3730.0
3675.0
3720.0
3665.0
3710.0
3655.0
3700.0
3650.0
3690.0
2670.0
2730.0
2645.0
2705.0
2620.0
2680.0
2695.0
2755.0
3590.0
3635.0
3705.0
3745.0
3695.0
3740.0
3685.0
3730.0
3675.0
3720.0
3665.0
3710.0
3660.0
3700.0
2680.0
2740.0
2655.0
2715.0
2630.0
2690.0
2705.0
2765.0
3595.0
3630.0
3585.0
3625.0
3575.0
3615.0
3565.0
3605.0
3555.0
3595.0
3550.0
3585.0
2570.0
2625.0
2545.0
2600.0
2520.0
2575.0
2595.0
2650.0
3590.0
3635.0
3580.0
3625.0
3570.0
3615.0
3560.0
3605.0
3555.0
3595.0
2575.0
2635.0
2550.0
2610.0
2525.0
2585.0
2600.0
2660.0
3590.0
3635.0
3580.0
3625.0
3570.0
3615.0
3565.0
3605.0
2585.0
2645.0
2560.0
2620.0
2535.0
2595.0
2610.0
2670.0
3590.0
3635.0
3580.0
3625.0
3575.0
3615.0
2595.0
2655.0
2570.0
2630.0
2545.0
2605.0
2620.0
2680.0
3590.0
3635.0
3585.0
3625.0
2605.0
2665.0
2580.0
2640.0
2555.0
2615.0
2630.0
2690.0
3595.0
3630.0
2615.0
2670.0
2590.0
2645.0
2565.0
2620.0
2640.0
2695.0
3575.0
3650.0
3550.0
3625.0
3525.0
3600.0
3600.0
3675.0
3575.0
3650.0
3550.0
3625.0
3625.0
3700.0
3575.0
3650.0
3650.0
3725.0
3575.0
3650.0
