-3556.0
-3519.0
-3562.0
-3525.0
-3568.0
-3531.0
-3544.0
-3507.0
-3550.0
-3513.0
-3573.0
-3537.0
-3578.0
-3542.0
-3688.0
-3642.0
-3702.0
-3660.0
-3712.0
-3671.0
-3713.5
-3681.0
-3716.0
-3682.5
-4757.0
-4721.0
-4762.0
-4726.0
-4767.0
-4731.0
-4772.0
-4736.0
-4777.0
-4741.0
-4782.0
-4746.0
-4787.0
-4751.0
-4792.0
-4756.0
-4797.0
-4761.0
-4802.0
-4766.0
-4807.0
-4771.0
-4812.0
-4776.0
-4817.0
-4781.0
-4942.0
-4901.0
-4947.0
-4911.0
-4952.0
-4916.0
-4957.0
-4921.0
-4962.0
-4926.0
-4967.0
-4931.0
-4977.0
-4936.0
-4992.0
-4946.0
-4997.0
-4961.0
-5002.0
-4966.0
-4497.0
-4461.0
-5182.0
-5136.0
-5452.0
-5411.0
-5462.0
-5421.0
-5472.0
-5431.0
-5482.0
-5441.0
-5492.0
-5451.0
-5502.0
-5461.0
-5512.0
-5471.0
-5397.0
-5361.0
-5407.0
-5366.0
-5417.0
-5376.0
-5427.0
-5386.0
-5437.0
-5396.0
-5442.0
-5406.0
-6422.0
-6366.0
-6447.0
-6391.0
-6472.0
-6416.0
-6397.0
-6341.0
-3556.0
-3519.0
-3562.0
-3525.0
-3538.0
-3501.0
-3544.0
-3507.0
-3567.0
-3531.0
-3572.0
-3536.0
-3682.0
-3636.0
-3696.0
-3654.0
-3706.0
-3665.0
-3707.5
-3675.0
-3710.0
-3676.5
-4751.0
-4715.0
-4756.0
-4720.0
-4761.0
-4725.0
-4766.0
-4730.0
-4771.0
-4735.0
-4776.0
-4740.0
-4781.0
-4745.0
-4786.0
-4750.0
-4791.0
-4755.0
-4796.0
-4760.0
-4801.0
-4765.0
-4806.0
-4770.0
-4811.0
-4775.0
-4936.0
-4895.0
-4941.0
-4905.0
-4946.0
-4910.0
-4951.0
-4915.0
-4956.0
-4920.0
-4961.0
-4925.0
-4971.0
-4930.0
-4986.0
-4940.0
-4991.0
-4955.0
-4996.0
-4960.0
-4491.0
-4455.0
-5176.0
-5130.0
-5446.0
-5405.0
-5456.0
-5415.0
-5466.0
-5425.0
-5476.0
-5435.0
-5486.0
-5445.0
-5496.0
-5455.0
-5506.0
-5465.0
-5391.0
-5355.0
-5401.0
-5360.0
-5411.0
-5370.0
-5421.0
-5380.0
-5431.0
-5390.0
-5436.0
-5400.0
-6416.0
-6360.0
-6441.0
-6385.0
-6466.0
-6410.0
-6391.0
-6335.0
-3556.0
-3519.0
-3532.0
-3495.0
-3538.0
-3501.0
-3561.0
-3525.0
-3566.0
-3530.0
-3676.0
-3630.0
-3690.0
-3648.0
-3700.0
-3659.0
-3701.5
-3669.0
-3704.0
-3670.5
-4745.0
-4709.0
-4750.0
-4714.0
-4755.0
-4719.0
-4760.0
-4724.0
-4765.0
-4729.0
-4770.0
-4734.0
-4775.0
-4739.0
-4780.0
-4744.0
-4785.0
-4749.0
-4790.0
-4754.0
-4795.0
-4759.0
-4800.0
-4764.0
-4805.0
-4769.0
-4930.0
-4889.0
-4935.0
-4899.0
-4940.0
-4904.0
-4945.0
-4909.0
-4950.0
-4914.0
-4955.0
-4919.0
-4965.0
-4924.0
-4980.0
-4934.0
-4985.0
-4949.0
-4990.0
-4954.0
-4485.0
-4449.0
-5170.0
-5124.0
-5440.0
-5399.0
-5450.0
-5409.0
-5460.0
-5419.0
-5470.0
-5429.0
-5480.0
-5439.0
-5490.0
-5449.0
-5500.0
-5459.0
-5385.0
-5349.0
-5395.0
-5354.0
-5405.0
-5364.0
-5415.0
-5374.0
-5425.0
-5384.0
-5430.0
-5394.0
-6410.0
-6354.0
-6435.0
-6379.0
-6460.0
-6404.0
-6385.0
-6329.0
-3556.0
-3519.0
-3562.0
-3525.0
-3585.0
-3549.0
-3590.0
-3554.0
-3700.0
-3654.0
-3714.0
-3672.0
-3724.0
-3683.0
-3725.5
-3693.0
-3728.0
-3694.5
-4769.0
-4733.0
-4774.0
-4738.0
-4779.0
-4743.0
-4784.0
-4748.0
-4789.0
-4753.0
-4794.0
-4758.0
-4799.0
-4763.0
-4804.0
-4768.0
-4809.0
-4773.0
-4814.0
-4778.0
-4819.0
-4783.0
-4824.0
-4788.0
-4829.0
-4793.0
-4954.0
-4913.0
-4959.0
-4923.0
-4964.0
-4928.0
-4969.0
-4933.0
-4974.0
-4938.0
-4979.0
-4943.0
-4989.0
-4948.0
-5004.0
-4958.0
-5009.0
-4973.0
-5014.0
-4978.0
-4509.0
-4473.0
-5194.0
-5148.0
-5464.0
-5423.0
-5474.0
-5433.0
-5484.0
-5443.0
-5494.0
-5453.0
-5504.0
-5463.0
-5514.0
-5473.0
-5524.0
-5483.0
-5409.0
-5373.0
-5419.0
-5378.0
-5429.0
-5388.0
-5439.0
-5398.0
-5449.0
-5408.0
-5454.0
-5418.0
-6434.0
-6378.0
-6459.0
-6403.0
-6484.0
-6428.0
-6409.0
-6353.0
-3556.0
-3519.0
-3579.0
-3543.0
-3584.0
-3548.0
-3694.0
-3648.0
-3708.0
-3666.0
-3718.0
-3677.0
-3719.5
-3687.0
-3722.0
-3688.5
-4763.0
-4727.0
-4768.0
-4732.0
-4773.0
-4737.0
-4778.0
-4742.0
-4783.0
-4747.0
-4788.0
-4752.0
-4793.0
-4757.0
-4798.0
-4762.0
-4803.0
-4767.0
-4808.0
-4772.0
-4813.0
-4777.0
-4818.0
-4782.0
-4823.0
-4787.0
-4948.0
-4907.0
-4953.0
-4917.0
-4958.0
-4922.0
-4963.0
-4927.0
-4968.0
-4932.0
-4973.0
-4937.0
-4983.0
-4942.0
-4998.0
-4952.0
-5003.0
-4967.0
-5008.0
-4972.0
-4503.0
-4467.0
-5188.0
-5142.0
-5458.0
-5417.0
-5468.0
-5427.0
-5478.0
-5437.0
-5488.0
-5447.0
-5498.0
-5457.0
-5508.0
-5467.0
-5518.0
-5477.0
-5403.0
-5367.0
-5413.0
-5372.0
-5423.0
-5382.0
-5433.0
-5392.0
-5443.0
-5402.0
-5448.0
-5412.0
-6428.0
-6372.0
-6453.0
-6397.0
-6478.0
-6422.0
-6403.0
-6347.0
-3555.0
-3520.0
-3560.0
-3525.0
-3670.0
-3625.0
-3684.0
-3643.0
-3694.0
-3654.0
-3695.5
-3664.0
-3698.0
-3665.5
-4739.0
-4704.0
-4744.0
-4709.0
-4749.0
-4714.0
-4754.0
-4719.0
-4759.0
-4724.0
-4764.0
-4729.0
-4769.0
-4734.0
-4774.0
-4739.0
-4779.0
-4744.0
-4784.0
-4749.0
-4789.0
-4754.0
-4794.0
-4759.0
-4799.0
-4764.0
-4924.0
-4884.0
-4929.0
-4894.0
-4934.0
-4899.0
-4939.0
-4904.0
-4944.0
-4909.0
-4949.0
-4914.0
-4959.0
-4919.0
-4974.0
-4929.0
-4979.0
-4944.0
-4984.0
-4949.0
-4479.0
-4444.0
-5164.0
-5119.0
-5434.0
-5394.0
-5444.0
-5404.0
-5454.0
-5414.0
-5464.0
-5424.0
-5474.0
-5434.0
-5484.0
-5444.0
-5494.0
-5454.0
-5379.0
-5344.0
-5389.0
-5349.0
-5399.0
-5359.0
-5409.0
-5369.0
-5419.0
-5379.0
-5424.0
-5389.0
-6404.0
-6349.0
-6429.0
-6374.0
-6454.0
-6399.0
-6379.0
-6324.0
-3555.0
-3520.0
-3665.0
-3620.0
-3679.0
-3638.0
-3689.0
-3649.0
-3690.5
-3659.0
-3693.0
-3660.5
-4734.0
-4699.0
-4739.0
-4704.0
-4744.0
-4709.0
-4749.0
-4714.0
-4754.0
-4719.0
-4759.0
-4724.0
-4764.0
-4729.0
-4769.0
-4734.0
-4774.0
-4739.0
-4779.0
-4744.0
-4784.0
-4749.0
-4789.0
-4754.0
-4794.0
-4759.0
-4919.0
-4879.0
-4924.0
-4889.0
-4929.0
-4894.0
-4934.0
-4899.0
-4939.0
-4904.0
-4944.0
-4909.0
-4954.0
-4914.0
-4969.0
-4924.0
-4974.0
-4939.0
-4979.0
-4944.0
-4474.0
-4439.0
-5159.0
-5114.0
-5429.0
-5389.0
-5439.0
-5399.0
-5449.0
-5409.0
-5459.0
-5419.0
-5469.0
-5429.0
-5479.0
-5439.0
-5489.0
-5449.0
-5374.0
-5339.0
-5384.0
-5344.0
-5394.0
-5354.0
-5404.0
-5364.0
-5414.0
-5374.0
-5419.0
-5384.0
-6399.0
-6344.0
-6424.0
-6369.0
-6449.0
-6394.0
-6374.0
-6319.0
-3565.0
-3510.0
-3579.0
-3528.0
-3589.0
-3539.0
-3590.5
-3549.0
-3593.0
-3550.5
-4634.0
-4589.0
-4639.0
-4594.0
-4644.0
-4599.0
-4649.0
-4604.0
-4654.0
-4609.0
-4659.0
-4614.0
-4664.0
-4619.0
-4669.0
-4624.0
-4674.0
-4629.0
-4679.0
-4634.0
-4684.0
-4639.0
-4689.0
-4644.0
-4694.0
-4649.0
-4819.0
-4769.0
-4824.0
-4779.0
-4829.0
-4784.0
-4834.0
-4789.0
-4839.0
-4794.0
-4844.0
-4799.0
-4854.0
-4804.0
-4869.0
-4814.0
-4874.0
-4829.0
-4879.0
-4834.0
-4374.0
-4329.0
-5059.0
-5004.0
-5329.0
-5279.0
-5339.0
-5289.0
-5349.0
-5299.0
-5359.0
-5309.0
-5369.0
-5319.0
-5379.0
-5329.0
-5389.0
-5339.0
-5274.0
-5229.0
-5284.0
-5234.0
-5294.0
-5244.0
-5304.0
-5254.0
-5314.0
-5264.0
-5319.0
-5274.0
-6299.0
-6234.0
-6324.0
-6259.0
-6349.0
-6284.0
-6274.0
-6209.0
-3561.0
-3514.0
-3571.0
-3525.0
-3572.5
-3535.0
-3575.0
-3536.5
-4616.0
-4575.0
-4621.0
-4580.0
-4626.0
-4585.0
-4631.0
-4590.0
-4636.0
-4595.0
-4641.0
-4600.0
-4646.0
-4605.0
-4651.0
-4610.0
-4656.0
-4615.0
-4661.0
-4620.0
-4666.0
-4625.0
-4671.0
-4630.0
-4676.0
-4635.0
-4801.0
-4755.0
-4806.0
-4765.0
-4811.0
-4770.0
-4816.0
-4775.0
-4821.0
-4780.0
-4826.0
-4785.0
-4836.0
-4790.0
-4851.0
-4800.0
-4856.0
-4815.0
-4861.0
-4820.0
-4356.0
-4315.0
-5041.0
-4990.0
-5311.0
-5265.0
-5321.0
-5275.0
-5331.0
-5285.0
-5341.0
-5295.0
-5351.0
-5305.0
-5361.0
-5315.0
-5371.0
-5325.0
-5256.0
-5215.0
-5266.0
-5220.0
-5276.0
-5230.0
-5286.0
-5240.0
-5296.0
-5250.0
-5301.0
-5260.0
-6281.0
-6220.0
-6306.0
-6245.0
-6331.0
-6270.0
-6256.0
-6195.0
-3560.0
-3515.0
-3561.5
-3525.0
-3564.0
-3526.5
-4605.0
-4565.0
-4610.0
-4570.0
-4615.0
-4575.0
-4620.0
-4580.0
-4625.0
-4585.0
-4630.0
-4590.0
-4635.0
-4595.0
-4640.0
-4600.0
-4645.0
-4605.0
-4650.0
-4610.0
-4655.0
-4615.0
-4660.0
-4620.0
-4665.0
-4625.0
-4790.0
-4745.0
-4795.0
-4755.0
-4800.0
-4760.0
-4805.0
-4765.0
-4810.0
-4770.0
-4815.0
-4775.0
-4825.0
-4780.0
-4840.0
-4790.0
-4845.0
-4805.0
-4850.0
-4810.0
-4345.0
-4305.0
-5030.0
-4980.0
-5300.0
-5255.0
-5310.0
-5265.0
-5320.0
-5275.0
-5330.0
-5285.0
-5340.0
-5295.0
-5350.0
-5305.0
-5360.0
-5315.0
-5245.0
-5205.0
-5255.0
-5210.0
-5265.0
-5220.0
-5275.0
-5230.0
-5285.0
-5240.0
-5290.0
-5250.0
-6270.0
-6210.0
-6295.0
-6235.0
-6320.0
-6260.0
-6245.0
-6185.0
-3551.5
-3523.5
-3554.0
-3525.0
-4595.0
-4563.5
-4600.0
-4568.5
-4605.0
-4573.5
-4610.0
-4578.5
-4615.0
-4583.5
-4620.0
-4588.5
-4625.0
-4593.5
-4630.0
-4598.5
-4635.0
-4603.5
-4640.0
-4608.5
-4645.0
-4613.5
-4650.0
-4618.5
-4655.0
-4623.5
-4780.0
-4743.5
-4785.0
-4753.5
-4790.0
-4758.5
-4795.0
-4763.5
-4800.0
-4768.5
-4805.0
-4773.5
-4815.0
-4778.5
-4830.0
-4788.5
-4835.0
-4803.5
-4840.0
-4808.5
-4335.0
-4303.5
-5020.0
-4978.5
-5290.0
-5253.5
-5300.0
-5263.5
-5310.0
-5273.5
-5320.0
-5283.5
-5330.0
-5293.5
-5340.0
-5303.5
-5350.0
-5313.5
-5235.0
-5203.5
-5245.0
-5208.5
-5255.0
-5218.5
-5265.0
-5228.5
-5275.0
-5238.5
-5280.0
-5248.5
-6260.0
-6208.5
-6285.0
-6233.5
-6310.0
-6258.5
-6235.0
-6183.5
-3552.5
-3522.5
-4593.5
-4561.0
-4598.5
-4566.0
-4603.5
-4571.0
-4608.5
-4576.0
-4613.5
-4581.0
-4618.5
-4586.0
-4623.5
-4591.0
-4628.5
-4596.0
-4633.5
-4601.0
-4638.5
-4606.0
-4643.5
-4611.0
-4648.5
-4616.0
-4653.5
-4621.0
-4778.5
-4741.0
-4783.5
-4751.0
-4788.5
-4756.0
-4793.5
-4761.0
-4798.5
-4766.0
-4803.5
-4771.0
-4813.5
-4776.0
-4828.5
-4786.0
-4833.5
-4801.0
-4838.5
-4806.0
-4333.5
-4301.0
-5018.5
-4976.0
-5288.5
-5251.0
-5298.5
-5261.0
-5308.5
-5271.0
-5318.5
-5281.0
-5328.5
-5291.0
-5338.5
-5301.0
-5348.5
-5311.0
-5233.5
-5201.0
-5243.5
-5206.0
-5253.5
-5216.0
-5263.5
-5226.0
-5273.5
-5236.0
-5278.5
-5246.0
-6258.5
-6206.0
-6283.5
-6231.0
-6308.5
-6256.0
-6233.5
-6181.0
-3555.0
-3520.0
-3560.0
-3525.0
-3565.0
-3530.0
-3570.0
-3535.0
-3575.0
-3540.0
-3580.0
-3545.0
-3585.0
-3550.0
-3590.0
-3555.0
-3595.0
-3560.0
-3600.0
-3565.0
-3605.0
-3570.0
-3610.0
-3575.0
-3615.0
-3580.0
-3740.0
-3700.0
-3745.0
-3710.0
-3750.0
-3715.0
-3755.0
-3720.0
-3760.0
-3725.0
-3765.0
-3730.0
-3775.0
-3735.0
-3790.0
-3745.0
-3795.0
-3760.0
-3800.0
-3765.0
-3295.0
-3260.0
-3980.0
-3935.0
-4250.0
-4210.0
-4260.0
-4220.0
-4270.0
-4230.0
-4280.0
-4240.0
-4290.0
-4250.0
-4300.0
-4260.0
-4310.0
-4270.0
-4195.0
-4160.0
-4205.0
-4165.0
-4215.0
-4175.0
-4225.0
-4185.0
-4235.0
-4195.0
-4240.0
-4205.0
-5220.0
-5165.0
-5245.0
-5190.0
-5270.0
-5215.0
-5195.0
-5140.0
-3555.0
-3520.0
-3560.0
-3525.0
-3565.0
-3530.0
-3570.0
-3535.0
-3575.0
-3540.0
-3580.0
-3545.0
-3585.0
-3550.0
-3590.0
-3555.0
-3595.0
-3560.0
-3600.0
-3565.0
-3605.0
-3570.0
-3610.0
-3575.0
-3735.0
-3695.0
-3740.0
-3705.0
-3745.0
-3710.0
-3750.0
-3715.0
-3755.0
-3720.0
-3760.0
-3725.0
-3770.0
-3730.0
-3785.0
-3740.0
-3790.0
-3755.0
-3795.0
-3760.0
-3290.0
-3255.0
-3975.0
-3930.0
-4245.0
-4205.0
-4255.0
-4215.0
-4265.0
-4225.0
-4275.0
-4235.0
-4285.0
-4245.0
-4295.0
-4255.0
-4305.0
-4265.0
-4190.0
-4155.0
-4200.0
-4160.0
-4210.0
-4170.0
-4220.0
-4180.0
-4230.0
-4190.0
-4235.0
-4200.0
-5215.0
-5160.0
-5240.0
-5185.0
-5265.0
-5210.0
-5190.0
-5135.0
-3555.0
-3520.0
-3560.0
-3525.0
-3565.0
-3530.0
-3570.0
-3535.0
-3575.0
-3540.0
-3580.0
-3545.0
-3585.0
-3550.0
-3590.0
-3555.0
-3595.0
-3560.0
-3600.0
-3565.0
-3605.0
-3570.0
-3730.0
-3690.0
-3735.0
-3700.0
-3740.0
-3705.0
-3745.0
-3710.0
-3750.0
-3715.0
-3755.0
-3720.0
-3765.0
-3725.0
-3780.0
-3735.0
-3785.0
-3750.0
-3790.0
-3755.0
-3285.0
-3250.0
-3970.0
-3925.0
-4240.0
-4200.0
-4250.0
-4210.0
-4260.0
-4220.0
-4270.0
-4230.0
-4280.0
-4240.0
-4290.0
-4250.0
-4300.0
-4260.0
-4185.0
-4150.0
-4195.0
-4155.0
-4205.0
-4165.0
-4215.0
-4175.0
-4225.0
-4185.0
-4230.0
-4195.0
-5210.0
-5155.0
-5235.0
-5180.0
-5260.0
-5205.0
-5185.0
-5130.0
-3555.0
-3520.0
-3560.0
-3525.0
-3565.0
-3530.0
-3570.0
-3535.0
-3575.0
-3540.0
-3580.0
-3545.0
-3585.0
-3550.0
-3590.0
-3555.0
-3595.0
-3560.0
-3600.0
-3565.0
-3725.0
-3685.0
-3730.0
-3695.0
-3735.0
-3700.0
-3740.0
-3705.0
-3745.0
-3710.0
-3750.0
-3715.0
-3760.0
-3720.0
-3775.0
-3730.0
-3780.0
-3745.0
-3785.0
-3750.0
-3280.0
-3245.0
-3965.0
-3920.0
-4235.0
-4195.0
-4245.0
-4205.0
-4255.0
-4215.0
-4265.0
-4225.0
-4275.0
-4235.0
-4285.0
-4245.0
-4295.0
-4255.0
-4180.0
-4145.0
-4190.0
-4150.0
-4200.0
-4160.0
-4210.0
-4170.0
-4220.0
-4180.0
-4225.0
-4190.0
-5205.0
-5150.0
-5230.0
-5175.0
-5255.0
-5200.0
-5180.0
-5125.0
-3555.0
-3520.0
-3560.0
-3525.0
-3565.0
-3530.0
-3570.0
-3535.0
-3575.0
-3540.0
-3580.0
-3545.0
-3585.0
-3550.0
-3590.0
-3555.0
-3595.0
-3560.0
-3720.0
-3680.0
-3725.0
-3690.0
-3730.0
-3695.0
-3735.0
-3700.0
-3740.0
-3705.0
-3745.0
-3710.0
-3755.0
-3715.0
-3770.0
-3725.0
-3775.0
-3740.0
-3780.0
-3745.0
-3275.0
-3240.0
-3960.0
-3915.0
-4230.0
-4190.0
-4240.0
-4200.0
-4250.0
-4210.0
-4260.0
-4220.0
-4270.0
-4230.0
-4280.0
-4240.0
-4290.0
-4250.0
-4175.0
-4140.0
-4185.0
-4145.0
-4195.0
-4155.0
-4205.0
-4165.0
-4215.0
-4175.0
-4220.0
-4185.0
-5200.0
-5145.0
-5225.0
-5170.0
-5250.0
-5195.0
-5175.0
-5120.0
-3555.0
-3520.0
-3560.0
-3525.0
-3565.0
-3530.0
-3570.0
-3535.0
-3575.0
-3540.0
-3580.0
-3545.0
-3585.0
-3550.0
-3590.0
-3555.0
-3715.0
-3675.0
-3720.0
-3685.0
-3725.0
-3690.0
-3730.0
-3695.0
-3735.0
-3700.0
-3740.0
-3705.0
-3750.0
-3710.0
-3765.0
-3720.0
-3770.0
-3735.0
-3775.0
-3740.0
-3270.0
-3235.0
-3955.0
-3910.0
-4225.0
-4185.0
-4235.0
-4195.0
-4245.0
-4205.0
-4255.0
-4215.0
-4265.0
-4225.0
-4275.0
-4235.0
-4285.0
-4245.0
-4170.0
-4135.0
-4180.0
-4140.0
-4190.0
-4150.0
-4200.0
-4160.0
-4210.0
-4170.0
-4215.0
-4180.0
-5195.0
-5140.0
-5220.0
-5165.0
-5245.0
-5190.0
-5170.0
-5115.0
-3555.0
-3520.0
-3560.0
-3525.0
-3565.0
-3530.0
-3570.0
-3535.0
-3575.0
-3540.0
-3580.0
-3545.0
-3585.0
-3550.0
-3710.0
-3670.0
-3715.0
-3680.0
-3720.0
-3685.0
-3725.0
-3690.0
-3730.0
-3695.0
-3735.0
-3700.0
-3745.0
-3705.0
-3760.0
-3715.0
-3765.0
-3730.0
-3770.0
-3735.0
-3265.0
-3230.0
-3950.0
-3905.0
-4220.0
-4180.0
-4230.0
-4190.0
-4240.0
-4200.0
-4250.0
-4210.0
-4260.0
-4220.0
-4270.0
-4230.0
-4280.0
-4240.0
-4165.0
-4130.0
-4175.0
-4135.0
-4185.0
-4145.0
-4195.0
-4155.0
-4205.0
-4165.0
-4210.0
-4175.0
-5190.0
-5135.0
-5215.0
-5160.0
-5240.0
-5185.0
-5165.0
-5110.0
-3555.0
-3520.0
-3560.0
-3525.0
-3565.0
-3530.0
-3570.0
-3535.0
-3575.0
-3540.0
-3580.0
-3545.0
-3705.0
-3665.0
-3710.0
-3675.0
-3715.0
-3680.0
-3720.0
-3685.0
-3725.0
-3690.0
-3730.0
-3695.0
-3740.0
-3700.0
-3755.0
-3710.0
-3760.0
-3725.0
-3765.0
-3730.0
-3260.0
-3225.0
-3945.0
-3900.0
-4215.0
-4175.0
-4225.0
-4185.0
-4235.0
-4195.0
-4245.0
-4205.0
-4255.0
-4215.0
-4265.0
-4225.0
-4275.0
-4235.0
-4160.0
-4125.0
-4170.0
-4130.0
-4180.0
-4140.0
-4190.0
-4150.0
-4200.0
-4160.0
-4205.0
-4170.0
-5185.0
-5130.0
-5210.0
-5155.0
-5235.0
-5180.0
-5160.0
-5105.0
-3555.0
-3520.0
-3560.0
-3525.0
-3565.0
-3530.0
-3570.0
-3535.0
-3575.0
-3540.0
-3700.0
-3660.0
-3705.0
-3670.0
-3710.0
-3675.0
-3715.0
-3680.0
-3720.0
-3685.0
-3725.0
-3690.0
-3735.0
-3695.0
-3750.0
-3705.0
-3755.0
-3720.0
-3760.0
-3725.0
-3255.0
-3220.0
-3940.0
-3895.0
-4210.0
-4170.0
-4220.0
-4180.0
-4230.0
-4190.0
-4240.0
-4200.0
-4250.0
-4210.0
-4260.0
-4220.0
-4270.0
-4230.0
-4155.0
-4120.0
-4165.0
-4125.0
-4175.0
-4135.0
-4185.0
-4145.0
-4195.0
-4155.0
-4200.0
-4165.0
-5180.0
-5125.0
-5205.0
-5150.0
-5230.0
-5175.0
-5155.0
-5100.0
-3555.0
-3520.0
-3560.0
-3525.0
-3565.0
-3530.0
-3570.0
-3535.0
-3695.0
-3655.0
-3700.0
-3665.0
-3705.0
-3670.0
-3710.0
-3675.0
-3715.0
-3680.0
-3720.0
-3685.0
-3730.0
-3690.0
-3745.0
-3700.0
-3750.0
-3715.0
-3755.0
-3720.0
-3250.0
-3215.0
-3935.0
-3890.0
-4205.0
-4165.0
-4215.0
-4175.0
-4225.0
-4185.0
-4235.0
-4195.0
-4245.0
-4205.0
-4255.0
-4215.0
-4265.0
-4225.0
-4150.0
-4115.0
-4160.0
-4120.0
-4170.0
-4130.0
-4180.0
-4140.0
-4190.0
-4150.0
-4195.0
-4160.0
-5175.0
-5120.0
-5200.0
-5145.0
-5225.0
-5170.0
-5150.0
-5095.0
-3555.0
-3520.0
-3560.0
-3525.0
-3565.0
-3530.0
-3690.0
-3650.0
-3695.0
-3660.0
-3700.0
-3665.0
-3705.0
-3670.0
-3710.0
-3675.0
-3715.0
-3680.0
-3725.0
-3685.0
-3740.0
-3695.0
-3745.0
-3710.0
-3750.0
-3715.0
-3245.0
-3210.0
-3930.0
-3885.0
-4200.0
-4160.0
-4210.0
-4170.0
-4220.0
-4180.0
-4230.0
-4190.0
-4240.0
-4200.0
-4250.0
-4210.0
-4260.0
-4220.0
-4145.0
-4110.0
-4155.0
-4115.0
-4165.0
-4125.0
-4175.0
-4135.0
-4185.0
-4145.0
-4190.0
-4155.0
-5170.0
-5115.0
-5195.0
-5140.0
-5220.0
-5165.0
-5145.0
-5090.0
-3555.0
-3520.0
-3560.0
-3525.0
-3685.0
-3645.0
-3690.0
-3655.0
-3695.0
-3660.0
-3700.0
-3665.0
-3705.0
-3670.0
-3710.0
-3675.0
-3720.0
-3680.0
-3735.0
-3690.0
-3740.0
-3705.0
-3745.0
-3710.0
-3240.0
-3205.0
-3925.0
-3880.0
-4195.0
-4155.0
-4205.0
-4165.0
-4215.0
-4175.0
-4225.0
-4185.0
-4235.0
-4195.0
-4245.0
-4205.0
-4255.0
-4215.0
-4140.0
-4105.0
-4150.0
-4110.0
-4160.0
-4120.0
-4170.0
-4130.0
-4180.0
-4140.0
-4185.0
-4150.0
-5165.0
-5110.0
-5190.0
-5135.0
-5215.0
-5160.0
-5140.0
-5085.0
-3555.0
-3520.0
-3680.0
-3640.0
-3685.0
-3650.0
-3690.0
-3655.0
-3695.0
-3660.0
-3700.0
-3665.0
-3705.0
-3670.0
-3715.0
-3675.0
-3730.0
-3685.0
-3735.0
-3700.0
-3740.0
-3705.0
-3235.0
-3200.0
-3920.0
-3875.0
-4190.0
-4150.0
-4200.0
-4160.0
-4210.0
-4170.0
-4220.0
-4180.0
-4230.0
-4190.0
-4240.0
-4200.0
-4250.0
-4210.0
-4135.0
-4100.0
-4145.0
-4105.0
-4155.0
-4115.0
-4165.0
-4125.0
-4175.0
-4135.0
-4180.0
-4145.0
-5160.0
-5105.0
-5185.0
-5130.0
-5210.0
-5155.0
-5135.0
-5080.0
-3560.0
-3515.0
-3565.0
-3525.0
-3570.0
-3530.0
-3575.0
-3535.0
-3580.0
-3540.0
-3585.0
-3545.0
-3595.0
-3550.0
-3610.0
-3560.0
-3615.0
-3575.0
-3620.0
-3580.0
-3115.0
-3075.0
-3800.0
-3750.0
-4070.0
-4025.0
-4080.0
-4035.0
-4090.0
-4045.0
-4100.0
-4055.0
-4110.0
-4065.0
-4120.0
-4075.0
-4130.0
-4085.0
-4015.0
-3975.0
-4025.0
-3980.0
-4035.0
-3990.0
-4045.0
-4000.0
-4055.0
-4010.0
-4060.0
-4020.0
-5040.0
-4980.0
-5065.0
-5005.0
-5090.0
-5030.0
-5015.0
-4955.0
-3555.0
-3520.0
-3560.0
-3525.0
-3565.0
-3530.0
-3570.0
-3535.0
-3575.0
-3540.0
-3585.0
-3545.0
-3600.0
-3555.0
-3605.0
-3570.0
-3610.0
-3575.0
-3105.0
-3070.0
-3790.0
-3745.0
-4060.0
-4020.0
-4070.0
-4030.0
-4080.0
-4040.0
-4090.0
-4050.0
-4100.0
-4060.0
-4110.0
-4070.0
-4120.0
-4080.0
-4005.0
-3970.0
-4015.0
-3975.0
-4025.0
-3985.0
-4035.0
-3995.0
-4045.0
-4005.0
-4050.0
-4015.0
-5030.0
-4975.0
-5055.0
-5000.0
-5080.0
-5025.0
-5005.0
-4950.0
-3555.0
-3520.0
-3560.0
-3525.0
-3565.0
-3530.0
-3570.0
-3535.0
-3580.0
-3540.0
-3595.0
-3550.0
-3600.0
-3565.0
-3605.0
-3570.0
-3100.0
-3065.0
-3785.0
-3740.0
-4055.0
-4015.0
-4065.0
-4025.0
-4075.0
-4035.0
-4085.0
-4045.0
-4095.0
-4055.0
-4105.0
-4065.0
-4115.0
-4075.0
-4000.0
-3965.0
-4010.0
-3970.0
-4020.0
-3980.0
-4030.0
-3990.0
-4040.0
-4000.0
-4045.0
-4010.0
-5025.0
-4970.0
-5050.0
-4995.0
-5075.0
-5020.0
-5000.0
-4945.0
-3555.0
-3520.0
-3560.0
-3525.0
-3565.0
-3530.0
-3575.0
-3535.0
-3590.0
-3545.0
-3595.0
-3560.0
-3600.0
-3565.0
-3095.0
-3060.0
-3780.0
-3735.0
-4050.0
-4010.0
-4060.0
-4020.0
-4070.0
-4030.0
-4080.0
-4040.0
-4090.0
-4050.0
-4100.0
-4060.0
-4110.0
-4070.0
-3995.0
-3960.0
-4005.0
-3965.0
-4015.0
-3975.0
-4025.0
-3985.0
-4035.0
-3995.0
-4040.0
-4005.0
-5020.0
-4965.0
-5045.0
-4990.0
-5070.0
-5015.0
-4995.0
-4940.0
-3555.0
-3520.0
-3560.0
-3525.0
-3570.0
-3530.0
-3585.0
-3540.0
-3590.0
-3555.0
-3595.0
-3560.0
-3090.0
-3055.0
-3775.0
-3730.0
-4045.0
-4005.0
-4055.0
-4015.0
-4065.0
-4025.0
-4075.0
-4035.0
-4085.0
-4045.0
-4095.0
-4055.0
-4105.0
-4065.0
-3990.0
-3955.0
-4000.0
-3960.0
-4010.0
-3970.0
-4020.0
-3980.0
-4030.0
-3990.0
-4035.0
-4000.0
-5015.0
-4960.0
-5040.0
-4985.0
-5065.0
-5010.0
-4990.0
-4935.0
-3555.0
-3520.0
-3565.0
-3525.0
-3580.0
-3535.0
-3585.0
-3550.0
-3590.0
-3555.0
-3085.0
-3050.0
-3770.0
-3725.0
-4040.0
-4000.0
-4050.0
-4010.0
-4060.0
-4020.0
-4070.0
-4030.0
-4080.0
-4040.0
-4090.0
-4050.0
-4100.0
-4060.0
-3985.0
-3950.0
-3995.0
-3955.0
-4005.0
-3965.0
-4015.0
-3975.0
-4025.0
-3985.0
-4030.0
-3995.0
-5010.0
-4955.0
-5035.0
-4980.0
-5060.0
-5005.0
-4985.0
-4930.0
-3560.0
-3515.0
-3575.0
-3525.0
-3580.0
-3540.0
-3585.0
-3545.0
-3080.0
-3040.0
-3765.0
-3715.0
-4035.0
-3990.0
-4045.0
-4000.0
-4055.0
-4010.0
-4065.0
-4020.0
-4075.0
-4030.0
-4085.0
-4040.0
-4095.0
-4050.0
-3980.0
-3940.0
-3990.0
-3945.0
-4000.0
-3955.0
-4010.0
-3965.0
-4020.0
-3975.0
-4025.0
-3985.0
-5005.0
-4945.0
-5030.0
-4970.0
-5055.0
-4995.0
-4980.0
-4920.0
-3565.0
-3510.0
-3570.0
-3525.0
-3575.0
-3530.0
-3070.0
-3025.0
-3755.0
-3700.0
-4025.0
-3975.0
-4035.0
-3985.0
-4045.0
-3995.0
-4055.0
-4005.0
-4065.0
-4015.0
-4075.0
-4025.0
-4085.0
-4035.0
-3970.0
-3925.0
-3980.0
-3930.0
-3990.0
-3940.0
-4000.0
-3950.0
-4010.0
-3960.0
-4015.0
-3970.0
-4995.0
-4930.0
-5020.0
-4955.0
-5045.0
-4980.0
-4970.0
-4905.0
-3555.0
-3520.0
-3560.0
-3525.0
-3055.0
-3020.0
-3740.0
-3695.0
-4010.0
-3970.0
-4020.0
-3980.0
-4030.0
-3990.0
-4040.0
-4000.0
-4050.0
-4010.0
-4060.0
-4020.0
-4070.0
-4030.0
-3955.0
-3920.0
-3965.0
-3925.0
-3975.0
-3935.0
-3985.0
-3945.0
-3995.0
-3955.0
-4000.0
-3965.0
-4980.0
-4925.0
-5005.0
-4950.0
-5030.0
-4975.0
-4955.0
-4900.0
-3555.0
-3520.0
-3050.0
-3015.0
-3735.0
-3690.0
-4005.0
-3965.0
-4015.0
-3975.0
-4025.0
-3985.0
-4035.0
-3995.0
-4045.0
-4005.0
-4055.0
-4015.0
-4065.0
-4025.0
-3950.0
-3915.0
-3960.0
-3920.0
-3970.0
-3930.0
-3980.0
-3940.0
-3990.0
-3950.0
-3995.0
-3960.0
-4975.0
-4920.0
-5000.0
-4945.0
-5025.0
-4970.0
-4950.0
-4895.0
-3555.0
-3520.0
-4240.0
-4195.0
-4510.0
-4470.0
-4520.0
-4480.0
-4530.0
-4490.0
-4540.0
-4500.0
-4550.0
-4510.0
-4560.0
-4520.0
-4570.0
-4530.0
-4455.0
-4420.0
-4465.0
-4425.0
-4475.0
-4435.0
-4485.0
-4445.0
-4495.0
-4455.0
-4500.0
-4465.0
-5480.0
-5425.0
-5505.0
-5450.0
-5530.0
-5475.0
-5455.0
-5400.0
-3565.0
-3510.0
-3835.0
-3785.0
-3845.0
-3795.0
-3855.0
-3805.0
-3865.0
-3815.0
-3875.0
-3825.0
-3885.0
-3835.0
-3895.0
-3845.0
-3780.0
-3735.0
-3790.0
-3740.0
-3800.0
-3750.0
-3810.0
-3760.0
-3820.0
-3770.0
-3825.0
-3780.0
-4805.0
-4740.0
-4830.0
-4765.0
-4855.0
-4790.0
-4780.0
-4715.0
-3560.0
-3515.0
-3570.0
-3525.0
-3580.0
-3535.0
-3590.0
-3545.0
-3600.0
-3555.0
-3610.0
-3565.0
-3620.0
-3575.0
-3505.0
-3465.0
-3515.0
-3470.0
-3525.0
-3480.0
-3535.0
-3490.0
-3545.0
-3500.0
-3550.0
-3510.0
-4530.0
-4470.0
-4555.0
-4495.0
-4580.0
-4520.0
-4505.0
-4445.0
-3560.0
-3515.0
-3570.0
-3525.0
-3580.0
-3535.0
-3590.0
-3545.0
-3600.0
-3555.0
-3610.0
-3565.0
-3495.0
-3455.0
-3505.0
-3460.0
-3515.0
-3470.0
-3525.0
-3480.0
-3535.0
-3490.0
-3540.0
-3500.0
-4520.0
-4460.0
-4545.0
-4485.0
-4570.0
-4510.0
-4495.0
-4435.0
-3560.0
-3515.0
-3570.0
-3525.0
-3580.0
-3535.0
-3590.0
-3545.0
-3600.0
-3555.0
-3485.0
-3445.0
-3495.0
-3450.0
-3505.0
-3460.0
-3515.0
-3470.0
-3525.0
-3480.0
-3530.0
-3490.0
-4510.0
-4450.0
-4535.0
-4475.0
-4560.0
-4500.0
-4485.0
-4425.0
-3560.0
-3515.0
-3570.0
-3525.0
-3580.0
-3535.0
-3590.0
-3545.0
-3475.0
-3435.0
-3485.0
-3440.0
-3495.0
-3450.0
-3505.0
-3460.0
-3515.0
-3470.0
-3520.0
-3480.0
-4500.0
-4440.0
-4525.0
-4465.0
-4550.0
-4490.0
-4475.0
-4415.0
-3560.0
-3515.0
-3570.0
-3525.0
-3580.0
-3535.0
-3465.0
-3425.0
-3475.0
-3430.0
-3485.0
-3440.0
-3495.0
-3450.0
-3505.0
-3460.0
-3510.0
-3470.0
-4490.0
-4430.0
-4515.0
-4455.0
-4540.0
-4480.0
-4465.0
-4405.0
-3560.0
-3515.0
-3570.0
-3525.0
-3455.0
-3415.0
-3465.0
-3420.0
-3475.0
-3430.0
-3485.0
-3440.0
-3495.0
-3450.0
-3500.0
-3460.0
-4480.0
-4420.0
-4505.0
-4445.0
-4530.0
-4470.0
-4455.0
-4395.0
-3560.0
-3515.0
-3445.0
-3405.0
-3455.0
-3410.0
-3465.0
-3420.0
-3475.0
-3430.0
-3485.0
-3440.0
-3490.0
-3450.0
-4470.0
-4410.0
-4495.0
-4435.0
-4520.0
-4460.0
-4445.0
-4385.0
-3555.0
-3520.0
-3565.0
-3525.0
-3575.0
-3535.0
-3585.0
-3545.0
-3595.0
-3555.0
-3600.0
-3565.0
-4580.0
-4525.0
-4605.0
-4550.0
-4630.0
-4575.0
-4555.0
-4500.0
-3560.0
-3515.0
-3570.0
-3525.0
-3580.0
-3535.0
-3590.0
-3545.0
-3595.0
-3555.0
-4575.0
-4515.0
-4600.0
-4540.0
-4625.0
-4565.0
-4550.0
-4490.0
-3560.0
-3515.0
-3570.0
-3525.0
-3580.0
-3535.0
-3585.0
-3545.0
-4565.0
-4505.0
-4590.0
-4530.0
-4615.0
-4555.0
-4540.0
-4480.0
-3560.0
-3515.0
-3570.0
-3525.0
-3575.0
-3535.0
-4555.0
-4495.0
-4580.0
-4520.0
-4605.0
-4545.0
-4530.0
-4470.0
-3560.0
-3515.0
-3565.0
-3525.0
-4545.0
-4485.0
-4570.0
-4510.0
-4595.0
-4535.0
-4520.0
-4460.0
-3555.0
-3520.0
-4535.0
-4480.0
-4560.0
-4505.0
-4585.0
-4530.0
-4510.0
-4455.0
-3575.0
-3500.0
-3600.0
-3525.0
-3625.0
-3550.0
-3550.0
-3475.0
-3575.0
-3500.0
-3600.0
-3525.0
-3525.0
-3450.0
-3575.0
-3500.0
-3500.0
-3425.0
-3575.0
-3500.0
