3519.0
3556.0
3513.0
3550.0
3507.0
3544.0
3531.0
3568.0
3525.0
3562.0
3502.0
3538.0
3497.0
3533.0
3387.0
3433.0
3373.0
3415.0
3363.0
3404.0
3361.5
3394.0
3359.0
3392.5
2318.0
2354.0
2313.0
2349.0
2308.0
2344.0
2303.0
2339.0
2298.0
2334.0
2293.0
2329.0
2288.0
2324.0
2283.0
2319.0
2278.0
2314.0
2273.0
2309.0
2268.0
2304.0
2263.0
2299.0
2258.0
2294.0
2133.0
2174.0
2128.0
2164.0
2123.0
2159.0
2118.0
2154.0
2113.0
2149.0
2108.0
2144.0
2098.0
2139.0
2083.0
2129.0
2078.0
2114.0
2073.0
2109.0
2578.0
2614.0
1893.0
1939.0
1623.0
1664.0
1613.0
1654.0
1603.0
1644.0
1593.0
1634.0
1583.0
1624.0
1573.0
1614.0
1563.0
1604.0
1678.0
1714.0
1668.0
1709.0
1658.0
1699.0
1648.0
1689.0
1638.0
1679.0
1633.0
1669.0
653.0
709.0
628.0
684.0
603.0
659.0
678.0
734.0
3519.0
3556.0
3513.0
3550.0
3537.0
3574.0
3531.0
3568.0
3508.0
3544.0
3503.0
3539.0
3393.0
3439.0
3379.0
3421.0
3369.0
3410.0
3367.5
3400.0
3365.0
3398.5
2324.0
2360.0
2319.0
2355.0
2314.0
2350.0
2309.0
2345.0
2304.0
2340.0
2299.0
2335.0
2294.0
2330.0
2289.0
2325.0
2284.0
2320.0
2279.0
2315.0
2274.0
2310.0
2269.0
2305.0
2264.0
2300.0
2139.0
2180.0
2134.0
2170.0
2129.0
2165.0
2124.0
2160.0
2119.0
2155.0
2114.0
2150.0
2104.0
2145.0
2089.0
2135.0
2084.0
2120.0
2079.0
2115.0
2584.0
2620.0
1899.0
1945.0
1629.0
1670.0
1619.0
1660.0
1609.0
1650.0
1599.0
1640.0
1589.0
1630.0
1579.0
1620.0
1569.0
1610.0
1684.0
1720.0
1674.0
1715.0
1664.0
1705.0
1654.0
1695.0
1644.0
1685.0
1639.0
1675.0
659.0
715.0
634.0
690.0
609.0
665.0
684.0
740.0
3519.0
3556.0
3543.0
3580.0
3537.0
3574.0
3514.0
3550.0
3509.0
3545.0
3399.0
3445.0
3385.0
3427.0
3375.0
3416.0
3373.5
3406.0
3371.0
3404.5
2330.0
2366.0
2325.0
2361.0
2320.0
2356.0
2315.0
2351.0
2310.0
2346.0
2305.0
2341.0
2300.0
2336.0
2295.0
2331.0
2290.0
2326.0
2285.0
2321.0
2280.0
2316.0
2275.0
2311.0
2270.0
2306.0
2145.0
2186.0
2140.0
2176.0
2135.0
2171.0
2130.0
2166.0
2125.0
2161.0
2120.0
2156.0
2110.0
2151.0
2095.0
2141.0
2090.0
2126.0
2085.0
2121.0
2590.0
2626.0
1905.0
1951.0
1635.0
1676.0
1625.0
1666.0
1615.0
1656.0
1605.0
1646.0
1595.0
1636.0
1585.0
1626.0
1575.0
1616.0
1690.0
1726.0
1680.0
1721.0
1670.0
1711.0
1660.0
1701.0
1650.0
1691.0
1645.0
1681.0
665.0
721.0
640.0
696.0
615.0
671.0
690.0
746.0
3519.0
3556.0
3513.0
3550.0
3490.0
3526.0
3485.0
3521.0
3375.0
3421.0
3361.0
3403.0
3351.0
3392.0
3349.5
3382.0
3347.0
3380.5
2306.0
2342.0
2301.0
2337.0
2296.0
2332.0
2291.0
2327.0
2286.0
2322.0
2281.0
2317.0
2276.0
2312.0
2271.0
2307.0
2266.0
2302.0
2261.0
2297.0
2256.0
2292.0
2251.0
2287.0
2246.0
2282.0
2121.0
2162.0
2116.0
2152.0
2111.0
2147.0
2106.0
2142.0
2101.0
2137.0
2096.0
2132.0
2086.0
2127.0
2071.0
2117.0
2066.0
2102.0
2061.0
2097.0
2566.0
2602.0
1881.0
1927.0
1611.0
1652.0
1601.0
1642.0
1591.0
1632.0
1581.0
1622.0
1571.0
1612.0
1561.0
1602.0
1551.0
1592.0
1666.0
1702.0
1656.0
1697.0
1646.0
1687.0
1636.0
1677.0
1626.0
1667.0
1621.0
1657.0
641.0
697.0
616.0
672.0
591.0
647.0
666.0
722.0
3519.0
3556.0
3496.0
3532.0
3491.0
3527.0
3381.0
3427.0
3367.0
3409.0
3357.0
3398.0
3355.5
3388.0
3353.0
3386.5
2312.0
2348.0
2307.0
2343.0
2302.0
2338.0
2297.0
2333.0
2292.0
2328.0
2287.0
2323.0
2282.0
2318.0
2277.0
2313.0
2272.0
2308.0
2267.0
2303.0
2262.0
2298.0
2257.0
2293.0
2252.0
2288.0
2127.0
2168.0
2122.0
2158.0
2117.0
2153.0
2112.0
2148.0
2107.0
2143.0
2102.0
2138.0
2092.0
2133.0
2077.0
2123.0
2072.0
2108.0
2067.0
2103.0
2572.0
2608.0
1887.0
1933.0
1617.0
1658.0
1607.0
1648.0
1597.0
1638.0
1587.0
1628.0
1577.0
1618.0
1567.0
1608.0
1557.0
1598.0
1672.0
1708.0
1662.0
1703.0
1652.0
1693.0
1642.0
1683.0
1632.0
1673.0
1627.0
1663.0
647.0
703.0
622.0
678.0
597.0
653.0
672.0
728.0
3520.0
3555.0
3515.0
3550.0
3405.0
3450.0
3391.0
3432.0
3381.0
3421.0
3379.5
3411.0
3377.0
3409.5
2336.0
2371.0
2331.0
2366.0
2326.0
2361.0
2321.0
2356.0
2316.0
2351.0
2311.0
2346.0
2306.0
2341.0
2301.0
2336.0
2296.0
2331.0
2291.0
2326.0
2286.0
2321.0
2281.0
2316.0
2276.0
2311.0
2151.0
2191.0
2146.0
2181.0
2141.0
2176.0
2136.0
2171.0
2131.0
2166.0
2126.0
2161.0
2116.0
2156.0
2101.0
2146.0
2096.0
2131.0
2091.0
2126.0
2596.0
2631.0
1911.0
1956.0
1641.0
1681.0
1631.0
1671.0
1621.0
1661.0
1611.0
1651.0
1601.0
1641.0
1591.0
1631.0
1581.0
1621.0
1696.0
1731.0
1686.0
1726.0
1676.0
1716.0
1666.0
1706.0
1656.0
1696.0
1651.0
1686.0
671.0
726.0
646.0
701.0
621.0
676.0
696.0
751.0
3520.0
3555.0
3410.0
3455.0
3396.0
3437.0
3386.0
3426.0
3384.5
3416.0
3382.0
3414.5
2341.0
2376.0
2336.0
2371.0
2331.0
2366.0
2326.0
2361.0
2321.0
2356.0
2316.0
2351.0
2311.0
2346.0
2306.0
2341.0
2301.0
2336.0
2296.0
2331.0
2291.0
2326.0
2286.0
2321.0
2281.0
2316.0
2156.0
2196.0
2151.0
2186.0
2146.0
2181.0
2141.0
2176.0
2136.0
2171.0
2131.0
2166.0
2121.0
2161.0
2106.0
2151.0
2101.0
2136.0
2096.0
2131.0
2601.0
2636.0
1916.0
1961.0
1646.0
1686.0
1636.0
1676.0
1626.0
1666.0
1616.0
1656.0
1606.0
1646.0
1596.0
1636.0
1586.0
1626.0
1701.0
1736.0
1691.0
1731.0
1681.0
1721.0
1671.0
1711.0
1661.0
1701.0
1656.0
1691.0
676.0
731.0
651.0
706.0
626.0
681.0
701.0
756.0
3510.0
3565.0
3496.0
3547.0
3486.0
3536.0
3484.5
3526.0
3482.0
3524.5
2441.0
2486.0
2436.0
2481.0
2431.0
2476.0
2426.0
2471.0
2421.0
2466.0
2416.0
2461.0
2411.0
2456.0
2406.0
2451.0
2401.0
2446.0
2396.0
2441.0
2391.0
2436.0
2386.0
2431.0
2381.0
2426.0
2256.0
2306.0
2251.0
2296.0
2246.0
2291.0
2241.0
2286.0
2236.0
2281.0
2231.0
2276.0
2221.0
2271.0
2206.0
2261.0
2201.0
2246.0
2196.0
2241.0
2701.0
2746.0
2016.0
2071.0
1746.0
1796.0
1736.0
1786.0
1726.0
1776.0
1716.0
1766.0
1706.0
1756.0
1696.0
1746.0
1686.0
1736.0
1801.0
1846.0
1791.0
1841.0
1781.0
1831.0
1771.0
1821.0
1761.0
1811.0
1756.0
1801.0
776.0
841.0
751.0
816.0
726.0
791.0
801.0
866.0
3514.0
3561.0
3504.0
3550.0
3502.5
3540.0
3500.0
3538.5
2459.0
2500.0
2454.0
2495.0
2449.0
2490.0
2444.0
2485.0
2439.0
2480.0
2434.0
2475.0
2429.0
2470.0
2424.0
2465.0
2419.0
2460.0
2414.0
2455.0
2409.0
2450.0
2404.0
2445.0
2399.0
2440.0
2274.0
2320.0
2269.0
2310.0
2264.0
2305.0
2259.0
2300.0
2254.0
2295.0
2249.0
2290.0
2239.0
2285.0
2224.0
2275.0
2219.0
2260.0
2214.0
2255.0
2719.0
2760.0
2034.0
2085.0
1764.0
1810.0
1754.0
1800.0
1744.0
1790.0
1734.0
1780.0
1724.0
1770.0
1714.0
1760.0
1704.0
1750.0
1819.0
1860.0
1809.0
1855.0
1799.0
1845.0
1789.0
1835.0
1779.0
1825.0
1774.0
1815.0
794.0
855.0
769.0
830.0
744.0
805.0
819.0
880.0
3515.0
3560.0
3513.5
3550.0
3511.0
3548.5
2470.0
2510.0
2465.0
2505.0
2460.0
2500.0
2455.0
2495.0
2450.0
2490.0
2445.0
2485.0
2440.0
2480.0
2435.0
2475.0
2430.0
2470.0
2425.0
2465.0
2420.0
2460.0
2415.0
2455.0
2410.0
2450.0
2285.0
2330.0
2280.0
2320.0
2275.0
2315.0
2270.0
2310.0
2265.0
2305.0
2260.0
2300.0
2250.0
2295.0
2235.0
2285.0
2230.0
2270.0
2225.0
2265.0
2730.0
2770.0
2045.0
2095.0
1775.0
1820.0
1765.0
1810.0
1755.0
1800.0
1745.0
1790.0
1735.0
1780.0
1725.0
1770.0
1715.0
1760.0
1830.0
1870.0
1820.0
1865.0
1810.0
1855.0
1800.0
1845.0
1790.0
1835.0
1785.0
1825.0
805.0
865.0
780.0
840.0
755.0
815.0
830.0
890.0
3523.5
3551.5
3521.0
3550.0
2480.0
2511.5
2475.0
2506.5
2470.0
2501.5
2465.0
2496.5
2460.0
2491.5
2455.0
2486.5
2450.0
2481.5
2445.0
2476.5
2440.0
2471.5
2435.0
2466.5
2430.0
2461.5
2425.0
2456.5
2420.0
2451.5
2295.0
2331.5
2290.0
2321.5
2285.0
2316.5
2280.0
2311.5
2275.0
2306.5
2270.0
2301.5
2260.0
2296.5
2245.0
2286.5
2240.0
2271.5
2235.0
2266.5
2740.0
2771.5
2055.0
2096.5
1785.0
1821.5
1775.0
1811.5
1765.0
1801.5
1755.0
1791.5
1745.0
1781.5
1735.0
1771.5
1725.0
1761.5
1840.0
1871.5
1830.0
1866.5
1820.0
1856.5
1810.0
1846.5
1800.0
1836.5
1795.0
1826.5
815.0
866.5
790.0
841.5
765.0
816.5
840.0
891.5
3522.5
3552.5
2481.5
2514.0
2476.5
2509.0
2471.5
2504.0
2466.5
2499.0
2461.5
2494.0
2456.5
2489.0
2451.5
2484.0
2446.5
2479.0
2441.5
2474.0
2436.5
2469.0
2431.5
2464.0
2426.5
2459.0
2421.5
2454.0
2296.5
2334.0
2291.5
2324.0
2286.5
2319.0
2281.5
2314.0
2276.5
2309.0
2271.5
2304.0
2261.5
2299.0
2246.5
2289.0
2241.5
2274.0
2236.5
2269.0
2741.5
2774.0
2056.5
2099.0
1786.5
1824.0
1776.5
1814.0
1766.5
1804.0
1756.5
1794.0
1746.5
1784.0
1736.5
1774.0
1726.5
1764.0
1841.5
1874.0
1831.5
1869.0
1821.5
1859.0
1811.5
1849.0
1801.5
1839.0
1796.5
1829.0
816.5
869.0
791.5
844.0
766.5
819.0
841.5
894.0
3520.0
3555.0
3515.0
3550.0
3510.0
3545.0
3505.0
3540.0
3500.0
3535.0
3495.0
3530.0
3490.0
3525.0
3485.0
3520.0
3480.0
3515.0
3475.0
3510.0
3470.0
3505.0
3465.0
3500.0
3460.0
3495.0
3335.0
3375.0
3330.0
3365.0
3325.0
3360.0
3320.0
3355.0
3315.0
3350.0
3310.0
3345.0
3300.0
3340.0
3285.0
3330.0
3280.0
3315.0
3275.0
3310.0
3780.0
3815.0
3095.0
3140.0
2825.0
2865.0
2815.0
2855.0
2805.0
2845.0
2795.0
2835.0
2785.0
2825.0
2775.0
2815.0
2765.0
2805.0
2880.0
2915.0
2870.0
2910.0
2860.0
2900.0
2850.0
2890.0
2840.0
2880.0
2835.0
2870.0
1855.0
1910.0
1830.0
1885.0
1805.0
1860.0
1880.0
1935.0
3520.0
3555.0
3515.0
3550.0
3510.0
3545.0
3505.0
3540.0
3500.0
3535.0
3495.0
3530.0
3490.0
3525.0
3485.0
3520.0
3480.0
3515.0
3475.0
3510.0
3470.0
3505.0
3465.0
3500.0
3340.0
3380.0
3335.0
3370.0
3330.0
3365.0
3325.0
3360.0
3320.0
3355.0
3315.0
3350.0
3305.0
3345.0
3290.0
3335.0
3285.0
3320.0
3280.0
3315.0
3785.0
3820.0
3100.0
3145.0
2830.0
2870.0
2820.0
2860.0
2810.0
2850.0
2800.0
2840.0
2790.0
2830.0
2780.0
2820.0
2770.0
2810.0
2885.0
2920.0
2875.0
2915.0
2865.0
2905.0
2855.0
2895.0
2845.0
2885.0
2840.0
2875.0
1860.0
1915.0
1835.0
1890.0
1810.0
1865.0
1885.0
1940.0
3520.0
3555.0
3515.0
3550.0
3510.0
3545.0
3505.0
3540.0
3500.0
3535.0
3495.0
3530.0
3490.0
3525.0
3485.0
3520.0
3480.0
3515.0
3475.0
3510.0
3470.0
3505.0
3345.0
3385.0
3340.0
3375.0
3335.0
3370.0
3330.0
3365.0
3325.0
3360.0
3320.0
3355.0
3310.0
3350.0
3295.0
3340.0
3290.0
3325.0
3285.0
3320.0
3790.0
3825.0
3105.0
3150.0
2835.0
2875.0
2825.0
2865.0
2815.0
2855.0
2805.0
2845.0
2795.0
2835.0
2785.0
2825.0
2775.0
2815.0
2890.0
2925.0
2880.0
2920.0
2870.0
2910.0
2860.0
2900.0
2850.0
2890.0
2845.0
2880.0
1865.0
1920.0
1840.0
1895.0
1815.0
1870.0
1890.0
1945.0
3520.0
3555.0
3515.0
3550.0
3510.0
3545.0
3505.0
3540.0
3500.0
3535.0
3495.0
3530.0
3490.0
3525.0
3485.0
3520.0
3480.0
3515.0
3475.0
3510.0
3350.0
3390.0
3345.0
3380.0
3340.0
3375.0
3335.0
3370.0
3330.0
3365.0
3325.0
3360.0
3315.0
3355.0
3300.0
3345.0
3295.0
3330.0
3290.0
3325.0
3795.0
3830.0
3110.0
3155.0
2840.0
2880.0
2830.0
2870.0
2820.0
2860.0
2810.0
2850.0
2800.0
2840.0
2790.0
2830.0
2780.0
2820.0
2895.0
2930.0
2885.0
2925.0
2875.0
2915.0
2865.0
2905.0
2855.0
2895.0
2850.0
2885.0
1870.0
1925.0
1845.0
1900.0
1820.0
1875.0
1895.0
1950.0
3520.0
3555.0
3515.0
3550.0
3510.0
3545.0
3505.0
3540.0
3500.0
3535.0
3495.0
3530.0
3490.0
3525.0
3485.0
3520.0
3480.0
3515.0
3355.0
3395.0
3350.0
3385.0
3345.0
3380.0
3340.0
3375.0
3335.0
3370.0
3330.0
3365.0
3320.0
3360.0
3305.0
3350.0
3300.0
3335.0
3295.0
3330.0
3800.0
3835.0
3115.0
3160.0
2845.0
2885.0
2835.0
2875.0
2825.0
2865.0
2815.0
2855.0
2805.0
2845.0
2795.0
2835.0
2785.0
2825.0
2900.0
2935.0
2890.0
2930.0
2880.0
2920.0
2870.0
2910.0
2860.0
2900.0
2855.0
2890.0
1875.0
1930.0
1850.0
1905.0
1825.0
1880.0
1900.0
1955.0
3520.0
3555.0
3515.0
3550.0
3510.0
3545.0
3505.0
3540.0
3500.0
3535.0
3495.0
3530.0
3490.0
3525.0
3485.0
3520.0
3360.0
3400.0
3355.0
3390.0
3350.0
3385.0
3345.0
3380.0
3340.0
3375.0
3335.0
3370.0
3325.0
3365.0
3310.0
3355.0
3305.0
3340.0
3300.0
3335.0
3805.0
3840.0
3120.0
3165.0
2850.0
2890.0
2840.0
2880.0
2830.0
2870.0
2820.0
2860.0
2810.0
2850.0
2800.0
2840.0
2790.0
2830.0
2905.0
2940.0
2895.0
2935.0
2885.0
2925.0
2875.0
2915.0
2865.0
2905.0
2860.0
2895.0
1880.0
1935.0
1855.0
1910.0
1830.0
1885.0
1905.0
1960.0
3520.0
3555.0
3515.0
3550.0
3510.0
3545.0
3505.0
3540.0
3500.0
3535.0
3495.0
3530.0
3490.0
3525.0
3365.0
3405.0
3360.0
3395.0
3355.0
3390.0
3350.0
3385.0
3345.0
3380.0
3340.0
3375.0
3330.0
3370.0
3315.0
3360.0
3310.0
3345.0
3305.0
3340.0
3810.0
3845.0
3125.0
3170.0
2855.0
2895.0
2845.0
2885.0
2835.0
2875.0
2825.0
2865.0
2815.0
2855.0
2805.0
2845.0
2795.0
2835.0
2910.0
2945.0
2900.0
2940.0
2890.0
2930.0
2880.0
2920.0
2870.0
2910.0
2865.0
2900.0
1885.0
1940.0
1860.0
1915.0
1835.0
1890.0
1910.0
1965.0
3520.0
3555.0
3515.0
3550.0
3510.0
3545.0
3505.0
3540.0
3500.0
3535.0
3495.0
3530.0
3370.0
3410.0
3365.0
3400.0
3360.0
3395.0
3355.0
3390.0
3350.0
3385.0
3345.0
3380.0
3335.0
3375.0
3320.0
3365.0
3315.0
3350.0
3310.0
3345.0
3815.0
3850.0
3130.0
3175.0
2860.0
2900.0
2850.0
2890.0
2840.0
2880.0
2830.0
2870.0
2820.0
2860.0
2810.0
2850.0
2800.0
2840.0
2915.0
2950.0
2905.0
2945.0
2895.0
2935.0
2885.0
2925.0
2875.0
2915.0
2870.0
2905.0
1890.0
1945.0
1865.0
1920.0
1840.0
1895.0
1915.0
1970.0
3520.0
3555.0
3515.0
3550.0
3510.0
3545.0
3505.0
3540.0
3500.0
3535.0
3375.0
3415.0
3370.0
3405.0
3365.0
3400.0
3360.0
3395.0
3355.0
3390.0
3350.0
3385.0
3340.0
3380.0
3325.0
3370.0
3320.0
3355.0
3315.0
3350.0
3820.0
3855.0
3135.0
3180.0
2865.0
2905.0
2855.0
2895.0
2845.0
2885.0
2835.0
2875.0
2825.0
2865.0
2815.0
2855.0
2805.0
2845.0
2920.0
2955.0
2910.0
2950.0
2900.0
2940.0
2890.0
2930.0
2880.0
2920.0
2875.0
2910.0
1895.0
1950.0
1870.0
1925.0
1845.0
1900.0
1920.0
1975.0
3520.0
3555.0
3515.0
3550.0
3510.0
3545.0
3505.0
3540.0
3380.0
3420.0
3375.0
3410.0
3370.0
3405.0
3365.0
3400.0
3360.0
3395.0
3355.0
3390.0
3345.0
3385.0
3330.0
3375.0
3325.0
3360.0
3320.0
3355.0
3825.0
3860.0
3140.0
3185.0
2870.0
2910.0
2860.0
2900.0
2850.0
2890.0
2840.0
2880.0
2830.0
2870.0
2820.0
2860.0
2810.0
2850.0
2925.0
2960.0
2915.0
2955.0
2905.0
2945.0
2895.0
2935.0
2885.0
2925.0
2880.0
2915.0
1900.0
1955.0
1875.0
1930.0
1850.0
1905.0
1925.0
1980.0
3520.0
3555.0
3515.0
3550.0
3510.0
3545.0
3385.0
3425.0
3380.0
3415.0
3375.0
3410.0
3370.0
3405.0
3365.0
3400.0
3360.0
3395.0
3350.0
3390.0
3335.0
3380.0
3330.0
3365.0
3325.0
3360.0
3830.0
3865.0
3145.0
3190.0
2875.0
2915.0
2865.0
2905.0
2855.0
2895.0
2845.0
2885.0
2835.0
2875.0
2825.0
2865.0
2815.0
2855.0
2930.0
2965.0
2920.0
2960.0
2910.0
2950.0
2900.0
2940.0
2890.0
2930.0
2885.0
2920.0
1905.0
1960.0
1880.0
1935.0
1855.0
1910.0
1930.0
1985.0
3520.0
3555.0
3515.0
3550.0
3390.0
3430.0
3385.0
3420.0
3380.0
3415.0
3375.0
3410.0
3370.0
3405.0
3365.0
3400.0
3355.0
3395.0
3340.0
3385.0
3335.0
3370.0
3330.0
3365.0
3835.0
3870.0
3150.0
3195.0
2880.0
2920.0
2870.0
2910.0
2860.0
2900.0
2850.0
2890.0
2840.0
2880.0
2830.0
2870.0
2820.0
2860.0
2935.0
2970.0
2925.0
2965.0
2915.0
2955.0
2905.0
2945.0
2895.0
2935.0
2890.0
2925.0
1910.0
1965.0
1885.0
1940.0
1860.0
1915.0
1935.0
1990.0
3520.0
3555.0
3395.0
3435.0
3390.0
3425.0
3385.0
3420.0
3380.0
3415.0
3375.0
3410.0
3370.0
3405.0
3360.0
3400.0
3345.0
3390.0
3340.0
3375.0
3335.0
3370.0
3840.0
3875.0
3155.0
3200.0
2885.0
2925.0
2875.0
2915.0
2865.0
2905.0
2855.0
2895.0
2845.0
2885.0
2835.0
2875.0
2825.0
2865.0
2940.0
2975.0
2930.0
2970.0
2920.0
2960.0
2910.0
2950.0
2900.0
2940.0
2895.0
2930.0
1915.0
1970.0
1890.0
1945.0
1865.0
1920.0
1940.0
1995.0
3515.0
3560.0
3510.0
3550.0
3505.0
3545.0
3500.0
3540.0
3495.0
3535.0
3490.0
3530.0
3480.0
3525.0
3465.0
3515.0
3460.0
3500.0
3455.0
3495.0
3960.0
4000.0
3275.0
3325.0
3005.0
3050.0
2995.0
3040.0
2985.0
3030.0
2975.0
3020.0
2965.0
3010.0
2955.0
3000.0
2945.0
2990.0
3060.0
3100.0
3050.0
3095.0
3040.0
3085.0
3030.0
3075.0
3020.0
3065.0
3015.0
3055.0
2035.0
2095.0
2010.0
2070.0
1985.0
2045.0
2060.0
2120.0
3520.0
3555.0
3515.0
3550.0
3510.0
3545.0
3505.0
3540.0
3500.0
3535.0
3490.0
3530.0
3475.0
3520.0
3470.0
3505.0
3465.0
3500.0
3970.0
4005.0
3285.0
3330.0
3015.0
3055.0
3005.0
3045.0
2995.0
3035.0
2985.0
3025.0
2975.0
3015.0
2965.0
3005.0
2955.0
2995.0
3070.0
3105.0
3060.0
3100.0
3050.0
3090.0
3040.0
3080.0
3030.0
3070.0
3025.0
3060.0
2045.0
2100.0
2020.0
2075.0
1995.0
2050.0
2070.0
2125.0
3520.0
3555.0
3515.0
3550.0
3510.0
3545.0
3505.0
3540.0
3495.0
3535.0
3480.0
3525.0
3475.0
3510.0
3470.0
3505.0
3975.0
4010.0
3290.0
3335.0
3020.0
3060.0
3010.0
3050.0
3000.0
3040.0
2990.0
3030.0
2980.0
3020.0
2970.0
3010.0
2960.0
3000.0
3075.0
3110.0
3065.0
3105.0
3055.0
3095.0
3045.0
3085.0
3035.0
3075.0
3030.0
3065.0
2050.0
2105.0
2025.0
2080.0
2000.0
2055.0
2075.0
2130.0
3520.0
3555.0
3515.0
3550.0
3510.0
3545.0
3500.0
3540.0
3485.0
3530.0
3480.0
3515.0
3475.0
3510.0
3980.0
4015.0
3295.0
3340.0
3025.0
3065.0
3015.0
3055.0
3005.0
3045.0
2995.0
3035.0
2985.0
3025.0
2975.0
3015.0
2965.0
3005.0
3080.0
3115.0
3070.0
3110.0
3060.0
3100.0
3050.0
3090.0
3040.0
3080.0
3035.0
3070.0
2055.0
2110.0
2030.0
2085.0
2005.0
2060.0
2080.0
2135.0
3520.0
3555.0
3515.0
3550.0
3505.0
3545.0
3490.0
3535.0
3485.0
3520.0
3480.0
3515.0
3985.0
4020.0
3300.0
3345.0
3030.0
3070.0
3020.0
3060.0
3010.0
3050.0
3000.0
3040.0
2990.0
3030.0
2980.0
3020.0
2970.0
3010.0
3085.0
3120.0
3075.0
3115.0
3065.0
3105.0
3055.0
3095.0
3045.0
3085.0
3040.0
3075.0
2060.0
2115.0
2035.0
2090.0
2010.0
2065.0
2085.0
2140.0
3520.0
3555.0
3510.0
3550.0
3495.0
3540.0
3490.0
3525.0
3485.0
3520.0
3990.0
4025.0
3305.0
3350.0
3035.0
3075.0
3025.0
3065.0
3015.0
3055.0
3005.0
3045.0
2995.0
3035.0
2985.0
3025.0
2975.0
3015.0
3090.0
3125.0
3080.0
3120.0
3070.0
3110.0
3060.0
3100.0
3050.0
3090.0
3045.0
3080.0
2065.0
2120.0
2040.0
2095.0
2015.0
2070.0
2090.0
2145.0
3515.0
3560.0
3500.0
3550.0
3495.0
3535.0
3490.0
3530.0
3995.0
4035.0
3310.0
3360.0
3040.0
3085.0
3030.0
3075.0
3020.0
3065.0
3010.0
3055.0
3000.0
3045.0
2990.0
3035.0
2980.0
3025.0
3095.0
3135.0
3085.0
3130.0
3075.0
3120.0
3065.0
3110.0
3055.0
3100.0
3050.0
3090.0
2070.0
2130.0
2045.0
2105.0
2020.0
2080.0
2095.0
2155.0
3510.0
3565.0
3505.0
3550.0
3500.0
3545.0
4005.0
4050.0
3320.0
3375.0
3050.0
3100.0
3040.0
3090.0
3030.0
3080.0
3020.0
3070.0
3010.0
3060.0
3000.0
3050.0
2990.0
3040.0
3105.0
3150.0
3095.0
3145.0
3085.0
3135.0
3075.0
3125.0
3065.0
3115.0
3060.0
3105.0
2080.0
2145.0
2055.0
2120.0
2030.0
2095.0
2105.0
2170.0
3520.0
3555.0
3515.0
3550.0
4020.0
4055.0
3335.0
3380.0
3065.0
3105.0
3055.0
3095.0
3045.0
3085.0
3035.0
3075.0
3025.0
3065.0
3015.0
3055.0
3005.0
3045.0
3120.0
3155.0
3110.0
3150.0
3100.0
3140.0
3090.0
3130.0
3080.0
3120.0
3075.0
3110.0
2095.0
2150.0
2070.0
2125.0
2045.0
2100.0
2120.0
2175.0
3520.0
3555.0
4025.0
4060.0
3340.0
3385.0
3070.0
3110.0
3060.0
3100.0
3050.0
3090.0
3040.0
3080.0
3030.0
3070.0
3020.0
3060.0
3010.0
3050.0
3125.0
3160.0
3115.0
3155.0
3105.0
3145.0
3095.0
3135.0
3085.0
3125.0
3080.0
3115.0
2100.0
2155.0
2075.0
2130.0
2050.0
2105.0
2125.0
2180.0
3520.0
3555.0
2835.0
2880.0
2565.0
2605.0
2555.0
2595.0
2545.0
2585.0
2535.0
2575.0
2525.0
2565.0
2515.0
2555.0
2505.0
2545.0
2620.0
2655.0
2610.0
2650.0
2600.0
2640.0
2590.0
2630.0
2580.0
2620.0
2575.0
2610.0
1595.0
1650.0
1570.0
1625.0
1545.0
1600.0
1620.0
1675.0
3510.0
3565.0
3240.0
3290.0
3230.0
3280.0
3220.0
3270.0
3210.0
3260.0
3200.0
3250.0
3190.0
3240.0
3180.0
3230.0
3295.0
3340.0
3285.0
3335.0
3275.0
3325.0
3265.0
3315.0
3255.0
3305.0
3250.0
3295.0
2270.0
2335.0
2245.0
2310.0
2220.0
2285.0
2295.0
2360.0
3515.0
3560.0
3505.0
3550.0
3495.0
3540.0
3485.0
3530.0
3475.0
3520.0
3465.0
3510.0
3455.0
3500.0
3570.0
3610.0
3560.0
3605.0
3550.0
3595.0
3540.0
3585.0
3530.0
3575.0
3525.0
3565.0
2545.0
2605.0
2520.0
2580.0
2495.0
2555.0
2570.0
2630.0
3515.0
3560.0
3505.0
3550.0
3495.0
3540.0
3485.0
3530.0
3475.0
3520.0
3465.0
3510.0
3580.0
3620.0
3570.0
3615.0
3560.0
3605.0
3550.0
3595.0
3540.0
3585.0
3535.0
3575.0
2555.0
2615.0
2530.0
2590.0
2505.0
2565.0
2580.0
2640.0
3515.0
3560.0
3505.0
3550.0
3495.0
3540.0
3485.0
3530.0
3475.0
3520.0
3590.0
3630.0
3580.0
3625.0
3570.0
3615.0
3560.0
3605.0
3550.0
3595.0
3545.0
3585.0
2565.0
2625.0
2540.0
2600.0
2515.0
2575.0
2590.0
2650.0
3515.0
3560.0
3505.0
3550.0
3495.0
3540.0
3485.0
3530.0
3600.0
3640.0
3590.0
3635.0
3580.0
3625.0
3570.0
3615.0
3560.0
3605.0
3555.0
3595.0
2575.0
2635.0
2550.0
2610.0
2525.0
2585.0
2600.0
2660.0
3515.0
3560.0
3505.0
3550.0
3495.0
3540.0
3610.0
3650.0
3600.0
3645.0
3590.0
3635.0
3580.0
3625.0
3570.0
3615.0
3565.0
3605.0
2585.0
2645.0
2560.0
2620.0
2535.0
2595.0
2610.0
2670.0
3515.0
3560.0
3505.0
3550.0
3620.0
3660.0
3610.0
3655.0
3600.0
3645.0
3590.0
3635.0
3580.0
3625.0
3575.0
3615.0
2595.0
2655.0
2570.0
2630.0
2545.0
2605.0
2620.0
2680.0
3515.0
3560.0
3630.0
3670.0
3620.0
3665.0
3610.0
3655.0
3600.0
3645.0
3590.0
3635.0
3585.0
3625.0
2605.0
2665.0
2580.0
2640.0
2555.0
2615.0
2630.0
2690.0
3520.0
3555.0
3510.0
3550.0
3500.0
3540.0
3490.0
3530.0
3480.0
3520.0
3475.0
3510.0
2495.0
2550.0
2470.0
2525.0
2445.0
2500.0
2520.0
2575.0
3515.0
3560.0
3505.0
3550.0
3495.0
3540.0
3485.0
3530.0
3480.0
3520.0
2500.0
2560.0
2475.0
2535.0
2450.0
2510.0
2525.0
2585.0
3515.0
3560.0
3505.0
3550.0
3495.0
3540.0
3490.0
3530.0
2510.0
2570.0
2485.0
2545.0
2460.0
2520.0
2535.0
2595.0
3515.0
3560.0
3505.0
3550.0
3500.0
3540.0
2520.0
2580.0
2495.0
2555.0
2470.0
2530.0
2545.0
2605.0
3515.0
3560.0
3510.0
3550.0
2530.0
2590.0
2505.0
2565.0
2480.0
2540.0
2555.0
2615.0
3520.0
3555.0
2540.0
2595.0
2515.0
2570.0
2490.0
2545.0
2565.0
2620.0
3500.0
3575.0
3475.0
3550.0
3450.0
3525.0
3525.0
3600.0
3500.0
3575.0
3475.0
3550.0
3550.0
3625.0
3500.0
3575.0
3575.0
3650.0
3500.0
3575.0
