2057.0
2094.0
2051.0
2088.0
2045.0
2082.0
2069.0
2106.0
2063.0
2100.0
2040.0
2076.0
2035.0
2071.0
1925.0
1971.0
1911.0
1953.0
1901.0
1942.0
1899.5
1932.0
1897.0
1930.5
856.0
892.0
851.0
887.0
846.0
882.0
841.0
877.0
836.0
872.0
831.0
867.0
826.0
862.0
821.0
857.0
816.0
852.0
811.0
847.0
806.0
842.0
801.0
837.0
796.0
832.0
671.0
712.0
666.0
702.0
661.0
697.0
656.0
692.0
651.0
687.0
646.0
682.0
636.0
677.0
621.0
667.0
616.0
652.0
611.0
647.0
1116.0
1152.0
431.0
477.0
161.0
202.0
151.0
192.0
141.0
182.0
131.0
172.0
121.0
162.0
111.0
152.0
101.0
142.0
216.0
252.0
206.0
247.0
196.0
237.0
186.0
227.0
176.0
217.0
171.0
207.0
-809.0
-753.0
-834.0
-778.0
-859.0
-803.0
-784.0
-728.0
2045.0
2082.0
2039.0
2076.0
2063.0
2100.0
2057.0
2094.0
2034.0
2070.0
2029.0
2065.0
1919.0
1965.0
1905.0
1947.0
1895.0
1936.0
1893.5
1926.0
1891.0
1924.5
850.0
886.0
845.0
881.0
840.0
876.0
835.0
871.0
830.0
866.0
825.0
861.0
820.0
856.0
815.0
851.0
810.0
846.0
805.0
841.0
800.0
836.0
795.0
831.0
790.0
826.0
665.0
706.0
660.0
696.0
655.0
691.0
650.0
686.0
645.0
681.0
640.0
676.0
630.0
671.0
615.0
661.0
610.0
646.0
605.0
641.0
1110.0
1146.0
425.0
471.0
155.0
196.0
145.0
186.0
135.0
176.0
125.0
166.0
115.0
156.0
105.0
146.0
95.0
136.0
210.0
246.0
200.0
241.0
190.0
231.0
180.0
221.0
170.0
211.0
165.0
201.0
-815.0
-759.0
-840.0
-784.0
-865.0
-809.0
-790.0
-734.0
2033.0
2070.0
2057.0
2094.0
2051.0
2088.0
2028.0
2064.0
2023.0
2059.0
1913.0
1959.0
1899.0
1941.0
1889.0
1930.0
1887.5
1920.0
1885.0
1918.5
844.0
880.0
839.0
875.0
834.0
870.0
829.0
865.0
824.0
860.0
819.0
855.0
814.0
850.0
809.0
845.0
804.0
840.0
799.0
835.0
794.0
830.0
789.0
825.0
784.0
820.0
659.0
700.0
654.0
690.0
649.0
685.0
644.0
680.0
639.0
675.0
634.0
670.0
624.0
665.0
609.0
655.0
604.0
640.0
599.0
635.0
1104.0
1140.0
419.0
465.0
149.0
190.0
139.0
180.0
129.0
170.0
119.0
160.0
109.0
150.0
99.0
140.0
89.0
130.0
204.0
240.0
194.0
235.0
184.0
225.0
174.0
215.0
164.0
205.0
159.0
195.0
-821.0
-765.0
-846.0
-790.0
-871.0
-815.0
-796.0
-740.0
2081.0
2118.0
2075.0
2112.0
2052.0
2088.0
2047.0
2083.0
1937.0
1983.0
1923.0
1965.0
1913.0
1954.0
1911.5
1944.0
1909.0
1942.5
868.0
904.0
863.0
899.0
858.0
894.0
853.0
889.0
848.0
884.0
843.0
879.0
838.0
874.0
833.0
869.0
828.0
864.0
823.0
859.0
818.0
854.0
813.0
849.0
808.0
844.0
683.0
724.0
678.0
714.0
673.0
709.0
668.0
704.0
663.0
699.0
658.0
694.0
648.0
689.0
633.0
679.0
628.0
664.0
623.0
659.0
1128.0
1164.0
443.0
489.0
173.0
214.0
163.0
204.0
153.0
194.0
143.0
184.0
133.0
174.0
123.0
164.0
113.0
154.0
228.0
264.0
218.0
259.0
208.0
249.0
198.0
239.0
188.0
229.0
183.0
219.0
-797.0
-741.0
-822.0
-766.0
-847.0
-791.0
-772.0
-716.0
2069.0
2106.0
2046.0
2082.0
2041.0
2077.0
1931.0
1977.0
1917.0
1959.0
1907.0
1948.0
1905.5
1938.0
1903.0
1936.5
862.0
898.0
857.0
893.0
852.0
888.0
847.0
883.0
842.0
878.0
837.0
873.0
832.0
868.0
827.0
863.0
822.0
858.0
817.0
853.0
812.0
848.0
807.0
843.0
802.0
838.0
677.0
718.0
672.0
708.0
667.0
703.0
662.0
698.0
657.0
693.0
652.0
688.0
642.0
683.0
627.0
673.0
622.0
658.0
617.0
653.0
1122.0
1158.0
437.0
483.0
167.0
208.0
157.0
198.0
147.0
188.0
137.0
178.0
127.0
168.0
117.0
158.0
107.0
148.0
222.0
258.0
212.0
253.0
202.0
243.0
192.0
233.0
182.0
223.0
177.0
213.0
-803.0
-747.0
-828.0
-772.0
-853.0
-797.0
-778.0
-722.0
2023.0
2058.0
2018.0
2053.0
1908.0
1953.0
1894.0
1935.0
1884.0
1924.0
1882.5
1914.0
1880.0
1912.5
839.0
874.0
834.0
869.0
829.0
864.0
824.0
859.0
819.0
854.0
814.0
849.0
809.0
844.0
804.0
839.0
799.0
834.0
794.0
829.0
789.0
824.0
784.0
819.0
779.0
814.0
654.0
694.0
649.0
684.0
644.0
679.0
639.0
674.0
634.0
669.0
629.0
664.0
619.0
659.0
604.0
649.0
599.0
634.0
594.0
629.0
1099.0
1134.0
414.0
459.0
144.0
184.0
134.0
174.0
124.0
164.0
114.0
154.0
104.0
144.0
94.0
134.0
84.0
124.0
199.0
234.0
189.0
229.0
179.0
219.0
169.0
209.0
159.0
199.0
154.0
189.0
-826.0
-771.0
-851.0
-796.0
-876.0
-821.0
-801.0
-746.0
2013.0
2048.0
1903.0
1948.0
1889.0
1930.0
1879.0
1919.0
1877.5
1909.0
1875.0
1907.5
834.0
869.0
829.0
864.0
824.0
859.0
819.0
854.0
814.0
849.0
809.0
844.0
804.0
839.0
799.0
834.0
794.0
829.0
789.0
824.0
784.0
819.0
779.0
814.0
774.0
809.0
649.0
689.0
644.0
679.0
639.0
674.0
634.0
669.0
629.0
664.0
624.0
659.0
614.0
654.0
599.0
644.0
594.0
629.0
589.0
624.0
1094.0
1129.0
409.0
454.0
139.0
179.0
129.0
169.0
119.0
159.0
109.0
149.0
99.0
139.0
89.0
129.0
79.0
119.0
194.0
229.0
184.0
224.0
174.0
214.0
164.0
204.0
154.0
194.0
149.0
184.0
-831.0
-776.0
-856.0
-801.0
-881.0
-826.0
-806.0
-751.0
1793.0
1848.0
1779.0
1830.0
1769.0
1819.0
1767.5
1809.0
1765.0
1807.5
724.0
769.0
719.0
764.0
714.0
759.0
709.0
754.0
704.0
749.0
699.0
744.0
694.0
739.0
689.0
734.0
684.0
729.0
679.0
724.0
674.0
719.0
669.0
714.0
664.0
709.0
539.0
589.0
534.0
579.0
529.0
574.0
524.0
569.0
519.0
564.0
514.0
559.0
504.0
554.0
489.0
544.0
484.0
529.0
479.0
524.0
984.0
1029.0
299.0
354.0
29.0
79.0
19.0
69.0
9.0
59.0
-1.0
49.0
-11.0
39.0
-21.0
29.0
-31.0
19.0
84.0
129.0
74.0
124.0
64.0
114.0
54.0
104.0
44.0
94.0
39.0
84.0
-941.0
-876.0
-966.0
-901.0
-991.0
-926.0
-916.0
-851.0
1765.0
1812.0
1755.0
1801.0
1753.5
1791.0
1751.0
1789.5
710.0
751.0
705.0
746.0
700.0
741.0
695.0
736.0
690.0
731.0
685.0
726.0
680.0
721.0
675.0
716.0
670.0
711.0
665.0
706.0
660.0
701.0
655.0
696.0
650.0
691.0
525.0
571.0
520.0
561.0
515.0
556.0
510.0
551.0
505.0
546.0
500.0
541.0
490.0
536.0
475.0
526.0
470.0
511.0
465.0
506.0
970.0
1011.0
285.0
336.0
15.0
61.0
5.0
51.0
-5.0
41.0
-15.0
31.0
-25.0
21.0
-35.0
11.0
-45.0
1.0
70.0
111.0
60.0
106.0
50.0
96.0
40.0
86.0
30.0
76.0
25.0
66.0
-955.0
-894.0
-980.0
-919.0
-1005.0
-944.0
-930.0
-869.0
1745.0
1790.0
1743.5
1780.0
1741.0
1778.5
700.0
740.0
695.0
735.0
690.0
730.0
685.0
725.0
680.0
720.0
675.0
715.0
670.0
710.0
665.0
705.0
660.0
700.0
655.0
695.0
650.0
690.0
645.0
685.0
640.0
680.0
515.0
560.0
510.0
550.0
505.0
545.0
500.0
540.0
495.0
535.0
490.0
530.0
480.0
525.0
465.0
515.0
460.0
500.0
455.0
495.0
960.0
1000.0
275.0
325.0
5.0
50.0
-5.0
40.0
-15.0
30.0
-25.0
20.0
-35.0
10.0
-45.0
0.0
-55.0
-10.0
60.0
100.0
50.0
95.0
40.0
85.0
30.0
75.0
20.0
65.0
15.0
55.0
-965.0
-905.0
-990.0
-930.0
-1015.0
-955.0
-940.0
-880.0
1742.0
1770.0
1739.5
1768.5
698.5
730.0
693.5
725.0
688.5
720.0
683.5
715.0
678.5
710.0
673.5
705.0
668.5
700.0
663.5
695.0
658.5
690.0
653.5
685.0
648.5
680.0
643.5
675.0
638.5
670.0
513.5
550.0
508.5
540.0
503.5
535.0
498.5
530.0
493.5
525.0
488.5
520.0
478.5
515.0
463.5
505.0
458.5
490.0
453.5
485.0
958.5
990.0
273.5
315.0
3.5
40.0
-6.5
30.0
-16.5
20.0
-26.5
10.0
-36.5
0.0
-46.5
-10.0
-56.5
-20.0
58.5
90.0
48.5
85.0
38.5
75.0
28.5
65.0
18.5
55.0
13.5
45.0
-966.5
-915.0
-991.5
-940.0
-1016.5
-965.0
-941.5
-890.0
1737.0
1767.0
696.0
728.5
691.0
723.5
686.0
718.5
681.0
713.5
676.0
708.5
671.0
703.5
666.0
698.5
661.0
693.5
656.0
688.5
651.0
683.5
646.0
678.5
641.0
673.5
636.0
668.5
511.0
548.5
506.0
538.5
501.0
533.5
496.0
528.5
491.0
523.5
486.0
518.5
476.0
513.5
461.0
503.5
456.0
488.5
451.0
483.5
956.0
988.5
271.0
313.5
1.0
38.5
-9.0
28.5
-19.0
18.5
-29.0
8.5
-39.0
-1.5
-49.0
-11.5
-59.0
-21.5
56.0
88.5
46.0
83.5
36.0
73.5
26.0
63.5
16.0
53.5
11.0
43.5
-969.0
-916.5
-994.0
-941.5
-1019.0
-966.5
-944.0
-891.5
-345.0
-310.0
-350.0
-315.0
-355.0
-320.0
-360.0
-325.0
-365.0
-330.0
-370.0
-335.0
-375.0
-340.0
-380.0
-345.0
-385.0
-350.0
-390.0
-355.0
-395.0
-360.0
-400.0
-365.0
-405.0
-370.0
-530.0
-490.0
-535.0
-500.0
-540.0
-505.0
-545.0
-510.0
-550.0
-515.0
-555.0
-520.0
-565.0
-525.0
-580.0
-535.0
-585.0
-550.0
-590.0
-555.0
-85.0
-50.0
-770.0
-725.0
-1040.0
-1000.0
-1050.0
-1010.0
-1060.0
-1020.0
-1070.0
-1030.0
-1080.0
-1040.0
-1090.0
-1050.0
-1100.0
-1060.0
-985.0
-950.0
-995.0
-955.0
-1005.0
-965.0
-1015.0
-975.0
-1025.0
-985.0
-1030.0
-995.0
-2010.0
-1955.0
-2035.0
-1980.0
-2060.0
-2005.0
-1985.0
-1930.0
-355.0
-320.0
-360.0
-325.0
-365.0
-330.0
-370.0
-335.0
-375.0
-340.0
-380.0
-345.0
-385.0
-350.0
-390.0
-355.0
-395.0
-360.0
-400.0
-365.0
-405.0
-370.0
-410.0
-375.0
-535.0
-495.0
-540.0
-505.0
-545.0
-510.0
-550.0
-515.0
-555.0
-520.0
-560.0
-525.0
-570.0
-530.0
-585.0
-540.0
-590.0
-555.0
-595.0
-560.0
-90.0
-55.0
-775.0
-730.0
-1045.0
-1005.0
-1055.0
-1015.0
-1065.0
-1025.0
-1075.0
-1035.0
-1085.0
-1045.0
-1095.0
-1055.0
-1105.0
-1065.0
-990.0
-955.0
-1000.0
-960.0
-1010.0
-970.0
-1020.0
-980.0
-1030.0
-990.0
-1035.0
-1000.0
-2015.0
-1960.0
-2040.0
-1985.0
-2065.0
-2010.0
-1990.0
-1935.0
-365.0
-330.0
-370.0
-335.0
-375.0
-340.0
-380.0
-345.0
-385.0
-350.0
-390.0
-355.0
-395.0
-360.0
-400.0
-365.0
-405.0
-370.0
-410.0
-375.0
-415.0
-380.0
-540.0
-500.0
-545.0
-510.0
-550.0
-515.0
-555.0
-520.0
-560.0
-525.0
-565.0
-530.0
-575.0
-535.0
-590.0
-545.0
-595.0
-560.0
-600.0
-565.0
-95.0
-60.0
-780.0
-735.0
-1050.0
-1010.0
-1060.0
-1020.0
-1070.0
-1030.0
-1080.0
-1040.0
-1090.0
-1050.0
-1100.0
-1060.0
-1110.0
-1070.0
-995.0
-960.0
-1005.0
-965.0
-1015.0
-975.0
-1025.0
-985.0
-1035.0
-995.0
-1040.0
-1005.0
-2020.0
-1965.0
-2045.0
-1990.0
-2070.0
-2015.0
-1995.0
-1940.0
-375.0
-340.0
-380.0
-345.0
-385.0
-350.0
-390.0
-355.0
-395.0
-360.0
-400.0
-365.0
-405.0
-370.0
-410.0
-375.0
-415.0
-380.0
-420.0
-385.0
-545.0
-505.0
-550.0
-515.0
-555.0
-520.0
-560.0
-525.0
-565.0
-530.0
-570.0
-535.0
-580.0
-540.0
-595.0
-550.0
-600.0
-565.0
-605.0
-570.0
-100.0
-65.0
-785.0
-740.0
-1055.0
-1015.0
-1065.0
-1025.0
-1075.0
-1035.0
-1085.0
-1045.0
-1095.0
-1055.0
-1105.0
-1065.0
-1115.0
-1075.0
-1000.0
-965.0
-1010.0
-970.0
-1020.0
-980.0
-1030.0
-990.0
-1040.0
-1000.0
-1045.0
-1010.0
-2025.0
-1970.0
-2050.0
-1995.0
-2075.0
-2020.0
-2000.0
-1945.0
-385.0
-350.0
-390.0
-355.0
-395.0
-360.0
-400.0
-365.0
-405.0
-370.0
-410.0
-375.0
-415.0
-380.0
-420.0
-385.0
-425.0
-390.0
-550.0
-510.0
-555.0
-520.0
-560.0
-525.0
-565.0
-530.0
-570.0
-535.0
-575.0
-540.0
-585.0
-545.0
-600.0
-555.0
-605.0
-570.0
-610.0
-575.0
-105.0
-70.0
-790.0
-745.0
-1060.0
-1020.0
-1070.0
-1030.0
-1080.0
-1040.0
-1090.0
-1050.0
-1100.0
-1060.0
-1110.0
-1070.0
-1120.0
-1080.0
-1005.0
-970.0
-1015.0
-975.0
-1025.0
-985.0
-1035.0
-995.0
-1045.0
-1005.0
-1050.0
-1015.0
-2030.0
-1975.0
-2055.0
-2000.0
-2080.0
-2025.0
-2005.0
-1950.0
-395.0
-360.0
-400.0
-365.0
-405.0
-370.0
-410.0
-375.0
-415.0
-380.0
-420.0
-385.0
-425.0
-390.0
-430.0
-395.0
-555.0
-515.0
-560.0
-525.0
-565.0
-530.0
-570.0
-535.0
-575.0
-540.0
-580.0
-545.0
-590.0
-550.0
-605.0
-560.0
-610.0
-575.0
-615.0
-580.0
-110.0
-75.0
-795.0
-750.0
-1065.0
-1025.0
-1075.0
-1035.0
-1085.0
-1045.0
-1095.0
-1055.0
-1105.0
-1065.0
-1115.0
-1075.0
-1125.0
-1085.0
-1010.0
-975.0
-1020.0
-980.0
-1030.0
-990.0
-1040.0
-1000.0
-1050.0
-1010.0
-1055.0
-1020.0
-2035.0
-1980.0
-2060.0
-2005.0
-2085.0
-2030.0
-2010.0
-1955.0
-405.0
-370.0
-410.0
-375.0
-415.0
-380.0
-420.0
-385.0
-425.0
-390.0
-430.0
-395.0
-435.0
-400.0
-560.0
-520.0
-565.0
-530.0
-570.0
-535.0
-575.0
-540.0
-580.0
-545.0
-585.0
-550.0
-595.0
-555.0
-610.0
-565.0
-615.0
-580.0
-620.0
-585.0
-115.0
-80.0
-800.0
-755.0
-1070.0
-1030.0
-1080.0
-1040.0
-1090.0
-1050.0
-1100.0
-1060.0
-1110.0
-1070.0
-1120.0
-1080.0
-1130.0
-1090.0
-1015.0
-980.0
-1025.0
-985.0
-1035.0
-995.0
-1045.0
-1005.0
-1055.0
-1015.0
-1060.0
-1025.0
-2040.0
-1985.0
-2065.0
-2010.0
-2090.0
-2035.0
-2015.0
-1960.0
-415.0
-380.0
-420.0
-385.0
-425.0
-390.0
-430.0
-395.0
-435.0
-400.0
-440.0
-405.0
-565.0
-525.0
-570.0
-535.0
-575.0
-540.0
-580.0
-545.0
-585.0
-550.0
-590.0
-555.0
-600.0
-560.0
-615.0
-570.0
-620.0
-585.0
-625.0
-590.0
-120.0
-85.0
-805.0
-760.0
-1075.0
-1035.0
-1085.0
-1045.0
-1095.0
-1055.0
-1105.0
-1065.0
-1115.0
-1075.0
-1125.0
-1085.0
-1135.0
-1095.0
-1020.0
-985.0
-1030.0
-990.0
-1040.0
-1000.0
-1050.0
-1010.0
-1060.0
-1020.0
-1065.0
-1030.0
-2045.0
-1990.0
-2070.0
-2015.0
-2095.0
-2040.0
-2020.0
-1965.0
-425.0
-390.0
-430.0
-395.0
-435.0
-400.0
-440.0
-405.0
-445.0
-410.0
-570.0
-530.0
-575.0
-540.0
-580.0
-545.0
-585.0
-550.0
-590.0
-555.0
-595.0
-560.0
-605.0
-565.0
-620.0
-575.0
-625.0
-590.0
-630.0
-595.0
-125.0
-90.0
-810.0
-765.0
-1080.0
-1040.0
-1090.0
-1050.0
-1100.0
-1060.0
-1110.0
-1070.0
-1120.0
-1080.0
-1130.0
-1090.0
-1140.0
-1100.0
-1025.0
-990.0
-1035.0
-995.0
-1045.0
-1005.0
-1055.0
-1015.0
-1065.0
-1025.0
-1070.0
-1035.0
-2050.0
-1995.0
-2075.0
-2020.0
-2100.0
-2045.0
-2025.0
-1970.0
-435.0
-400.0
-440.0
-405.0
-445.0
-410.0
-450.0
-415.0
-575.0
-535.0
-580.0
-545.0
-585.0
-550.0
-590.0
-555.0
-595.0
-560.0
-600.0
-565.0
-610.0
-570.0
-625.0
-580.0
-630.0
-595.0
-635.0
-600.0
-130.0
-95.0
-815.0
-770.0
-1085.0
-1045.0
-1095.0
-1055.0
-1105.0
-1065.0
-1115.0
-1075.0
-1125.0
-1085.0
-1135.0
-1095.0
-1145.0
-1105.0
-1030.0
-995.0
-1040.0
-1000.0
-1050.0
-1010.0
-1060.0
-1020.0
-1070.0
-1030.0
-1075.0
-1040.0
-2055.0
-2000.0
-2080.0
-2025.0
-2105.0
-2050.0
-2030.0
-1975.0
-445.0
-410.0
-450.0
-415.0
-455.0
-420.0
-580.0
-540.0
-585.0
-550.0
-590.0
-555.0
-595.0
-560.0
-600.0
-565.0
-605.0
-570.0
-615.0
-575.0
-630.0
-585.0
-635.0
-600.0
-640.0
-605.0
-135.0
-100.0
-820.0
-775.0
-1090.0
-1050.0
-1100.0
-1060.0
-1110.0
-1070.0
-1120.0
-1080.0
-1130.0
-1090.0
-1140.0
-1100.0
-1150.0
-1110.0
-1035.0
-1000.0
-1045.0
-1005.0
-1055.0
-1015.0
-1065.0
-1025.0
-1075.0
-1035.0
-1080.0
-1045.0
-2060.0
-2005.0
-2085.0
-2030.0
-2110.0
-2055.0
-2035.0
-1980.0
-455.0
-420.0
-460.0
-425.0
-585.0
-545.0
-590.0
-555.0
-595.0
-560.0
-600.0
-565.0
-605.0
-570.0
-610.0
-575.0
-620.0
-580.0
-635.0
-590.0
-640.0
-605.0
-645.0
-610.0
-140.0
-105.0
-825.0
-780.0
-1095.0
-1055.0
-1105.0
-1065.0
-1115.0
-1075.0
-1125.0
-1085.0
-1135.0
-1095.0
-1145.0
-1105.0
-1155.0
-1115.0
-1040.0
-1005.0
-1050.0
-1010.0
-1060.0
-1020.0
-1070.0
-1030.0
-1080.0
-1040.0
-1085.0
-1050.0
-2065.0
-2010.0
-2090.0
-2035.0
-2115.0
-2060.0
-2040.0
-1985.0
-465.0
-430.0
-590.0
-550.0
-595.0
-560.0
-600.0
-565.0
-605.0
-570.0
-610.0
-575.0
-615.0
-580.0
-625.0
-585.0
-640.0
-595.0
-645.0
-610.0
-650.0
-615.0
-145.0
-110.0
-830.0
-785.0
-1100.0
-1060.0
-1110.0
-1070.0
-1120.0
-1080.0
-1130.0
-1090.0
-1140.0
-1100.0
-1150.0
-1110.0
-1160.0
-1120.0
-1045.0
-1010.0
-1055.0
-1015.0
-1065.0
-1025.0
-1075.0
-1035.0
-1085.0
-1045.0
-1090.0
-1055.0
-2070.0
-2015.0
-2095.0
-2040.0
-2120.0
-2065.0
-2045.0
-1990.0
-715.0
-670.0
-720.0
-680.0
-725.0
-685.0
-730.0
-690.0
-735.0
-695.0
-740.0
-700.0
-750.0
-705.0
-765.0
-715.0
-770.0
-730.0
-775.0
-735.0
-270.0
-230.0
-955.0
-905.0
-1225.0
-1180.0
-1235.0
-1190.0
-1245.0
-1200.0
-1255.0
-1210.0
-1265.0
-1220.0
-1275.0
-1230.0
-1285.0
-1240.0
-1170.0
-1130.0
-1180.0
-1135.0
-1190.0
-1145.0
-1200.0
-1155.0
-1210.0
-1165.0
-1215.0
-1175.0
-2195.0
-2135.0
-2220.0
-2160.0
-2245.0
-2185.0
-2170.0
-2110.0
-725.0
-690.0
-730.0
-695.0
-735.0
-700.0
-740.0
-705.0
-745.0
-710.0
-755.0
-715.0
-770.0
-725.0
-775.0
-740.0
-780.0
-745.0
-275.0
-240.0
-960.0
-915.0
-1230.0
-1190.0
-1240.0
-1200.0
-1250.0
-1210.0
-1260.0
-1220.0
-1270.0
-1230.0
-1280.0
-1240.0
-1290.0
-1250.0
-1175.0
-1140.0
-1185.0
-1145.0
-1195.0
-1155.0
-1205.0
-1165.0
-1215.0
-1175.0
-1220.0
-1185.0
-2200.0
-2145.0
-2225.0
-2170.0
-2250.0
-2195.0
-2175.0
-2120.0
-735.0
-700.0
-740.0
-705.0
-745.0
-710.0
-750.0
-715.0
-760.0
-720.0
-775.0
-730.0
-780.0
-745.0
-785.0
-750.0
-280.0
-245.0
-965.0
-920.0
-1235.0
-1195.0
-1245.0
-1205.0
-1255.0
-1215.0
-1265.0
-1225.0
-1275.0
-1235.0
-1285.0
-1245.0
-1295.0
-1255.0
-1180.0
-1145.0
-1190.0
-1150.0
-1200.0
-1160.0
-1210.0
-1170.0
-1220.0
-1180.0
-1225.0
-1190.0
-2205.0
-2150.0
-2230.0
-2175.0
-2255.0
-2200.0
-2180.0
-2125.0
-745.0
-710.0
-750.0
-715.0
-755.0
-720.0
-765.0
-725.0
-780.0
-735.0
-785.0
-750.0
-790.0
-755.0
-285.0
-250.0
-970.0
-925.0
-1240.0
-1200.0
-1250.0
-1210.0
-1260.0
-1220.0
-1270.0
-1230.0
-1280.0
-1240.0
-1290.0
-1250.0
-1300.0
-1260.0
-1185.0
-1150.0
-1195.0
-1155.0
-1205.0
-1165.0
-1215.0
-1175.0
-1225.0
-1185.0
-1230.0
-1195.0
-2210.0
-2155.0
-2235.0
-2180.0
-2260.0
-2205.0
-2185.0
-2130.0
-755.0
-720.0
-760.0
-725.0
-770.0
-730.0
-785.0
-740.0
-790.0
-755.0
-795.0
-760.0
-290.0
-255.0
-975.0
-930.0
-1245.0
-1205.0
-1255.0
-1215.0
-1265.0
-1225.0
-1275.0
-1235.0
-1285.0
-1245.0
-1295.0
-1255.0
-1305.0
-1265.0
-1190.0
-1155.0
-1200.0
-1160.0
-1210.0
-1170.0
-1220.0
-1180.0
-1230.0
-1190.0
-1235.0
-1200.0
-2215.0
-2160.0
-2240.0
-2185.0
-2265.0
-2210.0
-2190.0
-2135.0
-765.0
-730.0
-775.0
-735.0
-790.0
-745.0
-795.0
-760.0
-800.0
-765.0
-295.0
-260.0
-980.0
-935.0
-1250.0
-1210.0
-1260.0
-1220.0
-1270.0
-1230.0
-1280.0
-1240.0
-1290.0
-1250.0
-1300.0
-1260.0
-1310.0
-1270.0
-1195.0
-1160.0
-1205.0
-1165.0
-1215.0
-1175.0
-1225.0
-1185.0
-1235.0
-1195.0
-1240.0
-1205.0
-2220.0
-2165.0
-2245.0
-2190.0
-2270.0
-2215.0
-2195.0
-2140.0
-785.0
-740.0
-800.0
-750.0
-805.0
-765.0
-810.0
-770.0
-305.0
-265.0
-990.0
-940.0
-1260.0
-1215.0
-1270.0
-1225.0
-1280.0
-1235.0
-1290.0
-1245.0
-1300.0
-1255.0
-1310.0
-1265.0
-1320.0
-1275.0
-1205.0
-1165.0
-1215.0
-1170.0
-1225.0
-1180.0
-1235.0
-1190.0
-1245.0
-1200.0
-1250.0
-1210.0
-2230.0
-2170.0
-2255.0
-2195.0
-2280.0
-2220.0
-2205.0
-2145.0
-815.0
-760.0
-820.0
-775.0
-825.0
-780.0
-320.0
-275.0
-1005.0
-950.0
-1275.0
-1225.0
-1285.0
-1235.0
-1295.0
-1245.0
-1305.0
-1255.0
-1315.0
-1265.0
-1325.0
-1275.0
-1335.0
-1285.0
-1220.0
-1175.0
-1230.0
-1180.0
-1240.0
-1190.0
-1250.0
-1200.0
-1260.0
-1210.0
-1265.0
-1220.0
-2245.0
-2180.0
-2270.0
-2205.0
-2295.0
-2230.0
-2220.0
-2155.0
-825.0
-790.0
-830.0
-795.0
-325.0
-290.0
-1010.0
-965.0
-1280.0
-1240.0
-1290.0
-1250.0
-1300.0
-1260.0
-1310.0
-1270.0
-1320.0
-1280.0
-1330.0
-1290.0
-1340.0
-1300.0
-1225.0
-1190.0
-1235.0
-1195.0
-1245.0
-1205.0
-1255.0
-1215.0
-1265.0
-1225.0
-1270.0
-1235.0
-2250.0
-2195.0
-2275.0
-2220.0
-2300.0
-2245.0
-2225.0
-2170.0
-835.0
-800.0
-330.0
-295.0
-1015.0
-970.0
-1285.0
-1245.0
-1295.0
-1255.0
-1305.0
-1265.0
-1315.0
-1275.0
-1325.0
-1285.0
-1335.0
-1295.0
-1345.0
-1305.0
-1230.0
-1195.0
-1240.0
-1200.0
-1250.0
-1210.0
-1260.0
-1220.0
-1270.0
-1230.0
-1275.0
-1240.0
-2255.0
-2200.0
-2280.0
-2225.0
-2305.0
-2250.0
-2230.0
-2175.0
175.0
210.0
-510.0
-465.0
-780.0
-740.0
-790.0
-750.0
-800.0
-760.0
-810.0
-770.0
-820.0
-780.0
-830.0
-790.0
-840.0
-800.0
-725.0
-690.0
-735.0
-695.0
-745.0
-705.0
-755.0
-715.0
-765.0
-725.0
-770.0
-735.0
-1750.0
-1695.0
-1775.0
-1720.0
-1800.0
-1745.0
-1725.0
-1670.0
-1195.0
-1140.0
-1465.0
-1415.0
-1475.0
-1425.0
-1485.0
-1435.0
-1495.0
-1445.0
-1505.0
-1455.0
-1515.0
-1465.0
-1525.0
-1475.0
-1410.0
-1365.0
-1420.0
-1370.0
-1430.0
-1380.0
-1440.0
-1390.0
-1450.0
-1400.0
-1455.0
-1410.0
-2435.0
-2370.0
-2460.0
-2395.0
-2485.0
-2420.0
-2410.0
-2345.0
-1735.0
-1690.0
-1745.0
-1700.0
-1755.0
-1710.0
-1765.0
-1720.0
-1775.0
-1730.0
-1785.0
-1740.0
-1795.0
-1750.0
-1680.0
-1640.0
-1690.0
-1645.0
-1700.0
-1655.0
-1710.0
-1665.0
-1720.0
-1675.0
-1725.0
-1685.0
-2705.0
-2645.0
-2730.0
-2670.0
-2755.0
-2695.0
-2680.0
-2620.0
-1755.0
-1710.0
-1765.0
-1720.0
-1775.0
-1730.0
-1785.0
-1740.0
-1795.0
-1750.0
-1805.0
-1760.0
-1690.0
-1650.0
-1700.0
-1655.0
-1710.0
-1665.0
-1720.0
-1675.0
-1730.0
-1685.0
-1735.0
-1695.0
-2715.0
-2655.0
-2740.0
-2680.0
-2765.0
-2705.0
-2690.0
-2630.0
-1775.0
-1730.0
-1785.0
-1740.0
-1795.0
-1750.0
-1805.0
-1760.0
-1815.0
-1770.0
-1700.0
-1660.0
-1710.0
-1665.0
-1720.0
-1675.0
-1730.0
-1685.0
-1740.0
-1695.0
-1745.0
-1705.0
-2725.0
-2665.0
-2750.0
-2690.0
-2775.0
-2715.0
-2700.0
-2640.0
-1795.0
-1750.0
-1805.0
-1760.0
-1815.0
-1770.0
-1825.0
-1780.0
-1710.0
-1670.0
-1720.0
-1675.0
-1730.0
-1685.0
-1740.0
-1695.0
-1750.0
-1705.0
-1755.0
-1715.0
-2735.0
-2675.0
-2760.0
-2700.0
-2785.0
-2725.0
-2710.0
-2650.0
-1815.0
-1770.0
-1825.0
-1780.0
-1835.0
-1790.0
-1720.0
-1680.0
-1730.0
-1685.0
-1740.0
-1695.0
-1750.0
-1705.0
-1760.0
-1715.0
-1765.0
-1725.0
-2745.0
-2685.0
-2770.0
-2710.0
-2795.0
-2735.0
-2720.0
-2660.0
-1835.0
-1790.0
-1845.0
-1800.0
-1730.0
-1690.0
-1740.0
-1695.0
-1750.0
-1705.0
-1760.0
-1715.0
-1770.0
-1725.0
-1775.0
-1735.0
-2755.0
-2695.0
-2780.0
-2720.0
-2805.0
-2745.0
-2730.0
-2670.0
-1855.0
-1810.0
-1740.0
-1700.0
-1750.0
-1705.0
-1760.0
-1715.0
-1770.0
-1725.0
-1780.0
-1735.0
-1785.0
-1745.0
-2765.0
-2705.0
-2790.0
-2730.0
-2815.0
-2755.0
-2740.0
-2680.0
-1625.0
-1590.0
-1635.0
-1595.0
-1645.0
-1605.0
-1655.0
-1615.0
-1665.0
-1625.0
-1670.0
-1635.0
-2650.0
-2595.0
-2675.0
-2620.0
-2700.0
-2645.0
-2625.0
-2570.0
-1645.0
-1600.0
-1655.0
-1610.0
-1665.0
-1620.0
-1675.0
-1630.0
-1680.0
-1640.0
-2660.0
-2600.0
-2685.0
-2625.0
-2710.0
-2650.0
-2635.0
-2575.0
-1665.0
-1620.0
-1675.0
-1630.0
-1685.0
-1640.0
-1690.0
-1650.0
-2670.0
-2610.0
-2695.0
-2635.0
-2720.0
-2660.0
-2645.0
-2585.0
-1685.0
-1640.0
-1695.0
-1650.0
-1700.0
-1660.0
-2680.0
-2620.0
-2705.0
-2645.0
-2730.0
-2670.0
-2655.0
-2595.0
-1705.0
-1660.0
-1710.0
-1670.0
-2690.0
-2630.0
-2715.0
-2655.0
-2740.0
-2680.0
-2665.0
-2605.0
-1715.0
-1680.0
-2695.0
-2640.0
-2720.0
-2665.0
-2745.0
-2690.0
-2670.0
-2615.0
-3675.0
-3600.0
-3700.0
-3625.0
-3725.0
-3650.0
-3650.0
-3575.0
-3725.0
-3650.0
-3750.0
-3675.0
-3675.0
-3600.0
-3775.0
-3700.0
-3700.0
-3625.0
-3625.0
-3550.0
