-2094.0
-2057.0
-2088.0
-2051.0
-2082.0
-2045.0
-2106.0
-2069.0
-2100.0
-2063.0
-2076.0
-2040.0
-2071.0
-2035.0
-1971.0
-1925.0
-1953.0
-1911.0
-1942.0
-1901.0
-1932.0
-1899.5
-1930.5
-1897.0
-892.0
-856.0
-887.0
-851.0
-882.0
-846.0
-877.0
-841.0
-872.0
-836.0
-867.0
-831.0
-862.0
-826.0
-857.0
-821.0
-852.0
-816.0
-847.0
-811.0
-842.0
-806.0
-837.0
-801.0
-832.0
-796.0
-712.0
-671.0
-702.0
-666.0
-697.0
-661.0
-692.0
-656.0
-687.0
-651.0
-682.0
-646.0
-677.0
-636.0
-667.0
-621.0
-652.0
-616.0
-647.0
-611.0
-1152.0
-1116.0
-477.0
-431.0
-202.0
-161.0
-192.0
-151.0
-182.0
-141.0
-172.0
-131.0
-162.0
-121.0
-152.0
-111.0
-142.0
-101.0
-252.0
-216.0
-247.0
-206.0
-237.0
-196.0
-227.0
-186.0
-217.0
-176.0
-207.0
-171.0
753.0
809.0
778.0
834.0
803.0
859.0
728.0
784.0
-2082.0
-2045.0
-2076.0
-2039.0
-2100.0
-2063.0
-2094.0
-2057.0
-2070.0
-2034.0
-2065.0
-2029.0
-1965.0
-1919.0
-1947.0
-1905.0
-1936.0
-1895.0
-1926.0
-1893.5
-1924.5
-1891.0
-886.0
-850.0
-881.0
-845.0
-876.0
-840.0
-871.0
-835.0
-866.0
-830.0
-861.0
-825.0
-856.0
-820.0
-851.0
-815.0
-846.0
-810.0
-841.0
-805.0
-836.0
-800.0
-831.0
-795.0
-826.0
-790.0
-706.0
-665.0
-696.0
-660.0
-691.0
-655.0
-686.0
-650.0
-681.0
-645.0
-676.0
-640.0
-671.0
-630.0
-661.0
-615.0
-646.0
-610.0
-641.0
-605.0
-1146.0
-1110.0
-471.0
-425.0
-196.0
-155.0
-186.0
-145.0
-176.0
-135.0
-166.0
-125.0
-156.0
-115.0
-146.0
-105.0
-136.0
-95.0
-246.0
-210.0
-241.0
-200.0
-231.0
-190.0
-221.0
-180.0
-211.0
-170.0
-201.0
-165.0
759.0
815.0
784.0
840.0
809.0
865.0
734.0
790.0
-2070.0
-2033.0
-2094.0
-2057.0
-2088.0
-2051.0
-2064.0
-2028.0
-2059.0
-2023.0
-1959.0
-1913.0
-1941.0
-1899.0
-1930.0
-1889.0
-1920.0
-1887.5
-1918.5
-1885.0
-880.0
-844.0
-875.0
-839.0
-870.0
-834.0
-865.0
-829.0
-860.0
-824.0
-855.0
-819.0
-850.0
-814.0
-845.0
-809.0
-840.0
-804.0
-835.0
-799.0
-830.0
-794.0
-825.0
-789.0
-820.0
-784.0
-700.0
-659.0
-690.0
-654.0
-685.0
-649.0
-680.0
-644.0
-675.0
-639.0
-670.0
-634.0
-665.0
-624.0
-655.0
-609.0
-640.0
-604.0
-635.0
-599.0
-1140.0
-1104.0
-465.0
-419.0
-190.0
-149.0
-180.0
-139.0
-170.0
-129.0
-160.0
-119.0
-150.0
-109.0
-140.0
-99.0
-130.0
-89.0
-240.0
-204.0
-235.0
-194.0
-225.0
-184.0
-215.0
-174.0
-205.0
-164.0
-195.0
-159.0
765.0
821.0
790.0
846.0
815.0
871.0
740.0
796.0
-2118.0
-2081.0
-2112.0
-2075.0
-2088.0
-2052.0
-2083.0
-2047.0
-1983.0
-1937.0
-1965.0
-1923.0
-1954.0
-1913.0
-1944.0
-1911.5
-1942.5
-1909.0
-904.0
-868.0
-899.0
-863.0
-894.0
-858.0
-889.0
-853.0
-884.0
-848.0
-879.0
-843.0
-874.0
-838.0
-869.0
-833.0
-864.0
-828.0
-859.0
-823.0
-854.0
-818.0
-849.0
-813.0
-844.0
-808.0
-724.0
-683.0
-714.0
-678.0
-709.0
-673.0
-704.0
-668.0
-699.0
-663.0
-694.0
-658.0
-689.0
-648.0
-679.0
-633.0
-664.0
-628.0
-659.0
-623.0
-1164.0
-1128.0
-489.0
-443.0
-214.0
-173.0
-204.0
-163.0
-194.0
-153.0
-184.0
-143.0
-174.0
-133.0
-164.0
-123.0
-154.0
-113.0
-264.0
-228.0
-259.0
-218.0
-249.0
-208.0
-239.0
-198.0
-229.0
-188.0
-219.0
-183.0
741.0
797.0
766.0
822.0
791.0
847.0
716.0
772.0
-2106.0
-2069.0
-2082.0
-2046.0
-2077.0
-2041.0
-1977.0
-1931.0
-1959.0
-1917.0
-1948.0
-1907.0
-1938.0
-1905.5
-1936.5
-1903.0
-898.0
-862.0
-893.0
-857.0
-888.0
-852.0
-883.0
-847.0
-878.0
-842.0
-873.0
-837.0
-868.0
-832.0
-863.0
-827.0
-858.0
-822.0
-853.0
-817.0
-848.0
-812.0
-843.0
-807.0
-838.0
-802.0
-718.0
-677.0
-708.0
-672.0
-703.0
-667.0
-698.0
-662.0
-693.0
-657.0
-688.0
-652.0
-683.0
-642.0
-673.0
-627.0
-658.0
-622.0
-653.0
-617.0
-1158.0
-1122.0
-483.0
-437.0
-208.0
-167.0
-198.0
-157.0
-188.0
-147.0
-178.0
-137.0
-168.0
-127.0
-158.0
-117.0
-148.0
-107.0
-258.0
-222.0
-253.0
-212.0
-243.0
-202.0
-233.0
-192.0
-223.0
-182.0
-213.0
-177.0
747.0
803.0
772.0
828.0
797.0
853.0
722.0
778.0
-2058.0
-2023.0
-2053.0
-2018.0
-1953.0
-1908.0
-1935.0
-1894.0
-1924.0
-1884.0
-1914.0
-1882.5
-1912.5
-1880.0
-874.0
-839.0
-869.0
-834.0
-864.0
-829.0
-859.0
-824.0
-854.0
-819.0
-849.0
-814.0
-844.0
-809.0
-839.0
-804.0
-834.0
-799.0
-829.0
-794.0
-824.0
-789.0
-819.0
-784.0
-814.0
-779.0
-694.0
-654.0
-684.0
-649.0
-679.0
-644.0
-674.0
-639.0
-669.0
-634.0
-664.0
-629.0
-659.0
-619.0
-649.0
-604.0
-634.0
-599.0
-629.0
-594.0
-1134.0
-1099.0
-459.0
-414.0
-184.0
-144.0
-174.0
-134.0
-164.0
-124.0
-154.0
-114.0
-144.0
-104.0
-134.0
-94.0
-124.0
-84.0
-234.0
-199.0
-229.0
-189.0
-219.0
-179.0
-209.0
-169.0
-199.0
-159.0
-189.0
-154.0
771.0
826.0
796.0
851.0
821.0
876.0
746.0
801.0
-2048.0
-2013.0
-1948.0
-1903.0
-1930.0
-1889.0
-1919.0
-1879.0
-1909.0
-1877.5
-1907.5
-1875.0
-869.0
-834.0
-864.0
-829.0
-859.0
-824.0
-854.0
-819.0
-849.0
-814.0
-844.0
-809.0
-839.0
-804.0
-834.0
-799.0
-829.0
-794.0
-824.0
-789.0
-819.0
-784.0
-814.0
-779.0
-809.0
-774.0
-689.0
-649.0
-679.0
-644.0
-674.0
-639.0
-669.0
-634.0
-664.0
-629.0
-659.0
-624.0
-654.0
-614.0
-644.0
-599.0
-629.0
-594.0
-624.0
-589.0
-1129.0
-1094.0
-454.0
-409.0
-179.0
-139.0
-169.0
-129.0
-159.0
-119.0
-149.0
-109.0
-139.0
-99.0
-129.0
-89.0
-119.0
-79.0
-229.0
-194.0
-224.0
-184.0
-214.0
-174.0
-204.0
-164.0
-194.0
-154.0
-184.0
-149.0
776.0
831.0
801.0
856.0
826.0
881.0
751.0
806.0
-1848.0
-1793.0
-1830.0
-1779.0
-1819.0
-1769.0
-1809.0
-1767.5
-1807.5
-1765.0
-769.0
-724.0
-764.0
-719.0
-759.0
-714.0
-754.0
-709.0
-749.0
-704.0
-744.0
-699.0
-739.0
-694.0
-734.0
-689.0
-729.0
-684.0
-724.0
-679.0
-719.0
-674.0
-714.0
-669.0
-709.0
-664.0
-589.0
-539.0
-579.0
-534.0
-574.0
-529.0
-569.0
-524.0
-564.0
-519.0
-559.0
-514.0
-554.0
-504.0
-544.0
-489.0
-529.0
-484.0
-524.0
-479.0
-1029.0
-984.0
-354.0
-299.0
-79.0
-29.0
-69.0
-19.0
-59.0
-9.0
-49.0
1.0
-39.0
11.0
-29.0
21.0
-19.0
31.0
-129.0
-84.0
-124.0
-74.0
-114.0
-64.0
-104.0
-54.0
-94.0
-44.0
-84.0
-39.0
876.0
941.0
901.0
966.0
926.0
991.0
851.0
916.0
-1812.0
-1765.0
-1801.0
-1755.0
-1791.0
-1753.5
-1789.5
-1751.0
-751.0
-710.0
-746.0
-705.0
-741.0
-700.0
-736.0
-695.0
-731.0
-690.0
-726.0
-685.0
-721.0
-680.0
-716.0
-675.0
-711.0
-670.0
-706.0
-665.0
-701.0
-660.0
-696.0
-655.0
-691.0
-650.0
-571.0
-525.0
-561.0
-520.0
-556.0
-515.0
-551.0
-510.0
-546.0
-505.0
-541.0
-500.0
-536.0
-490.0
-526.0
-475.0
-511.0
-470.0
-506.0
-465.0
-1011.0
-970.0
-336.0
-285.0
-61.0
-15.0
-51.0
-5.0
-41.0
5.0
-31.0
15.0
-21.0
25.0
-11.0
35.0
-1.0
45.0
-111.0
-70.0
-106.0
-60.0
-96.0
-50.0
-86.0
-40.0
-76.0
-30.0
-66.0
-25.0
894.0
955.0
919.0
980.0
944.0
1005.0
869.0
930.0
-1790.0
-1745.0
-1780.0
-1743.5
-1778.5
-1741.0
-740.0
-700.0
-735.0
-695.0
-730.0
-690.0
-725.0
-685.0
-720.0
-680.0
-715.0
-675.0
-710.0
-670.0
-705.0
-665.0
-700.0
-660.0
-695.0
-655.0
-690.0
-650.0
-685.0
-645.0
-680.0
-640.0
-560.0
-515.0
-550.0
-510.0
-545.0
-505.0
-540.0
-500.0
-535.0
-495.0
-530.0
-490.0
-525.0
-480.0
-515.0
-465.0
-500.0
-460.0
-495.0
-455.0
-1000.0
-960.0
-325.0
-275.0
-50.0
-5.0
-40.0
5.0
-30.0
15.0
-20.0
25.0
-10.0
35.0
0.0
45.0
10.0
55.0
-100.0
-60.0
-95.0
-50.0
-85.0
-40.0
-75.0
-30.0
-65.0
-20.0
-55.0
-15.0
905.0
965.0
930.0
990.0
955.0
1015.0
880.0
940.0
-1770.0
-1742.0
-1768.5
-1739.5
-730.0
-698.5
-725.0
-693.5
-720.0
-688.5
-715.0
-683.5
-710.0
-678.5
-705.0
-673.5
-700.0
-668.5
-695.0
-663.5
-690.0
-658.5
-685.0
-653.5
-680.0
-648.5
-675.0
-643.5
-670.0
-638.5
-550.0
-513.5
-540.0
-508.5
-535.0
-503.5
-530.0
-498.5
-525.0
-493.5
-520.0
-488.5
-515.0
-478.5
-505.0
-463.5
-490.0
-458.5
-485.0
-453.5
-990.0
-958.5
-315.0
-273.5
-40.0
-3.5
-30.0
6.5
-20.0
16.5
-10.0
26.5
0.0
36.5
10.0
46.5
20.0
56.5
-90.0
-58.5
-85.0
-48.5
-75.0
-38.5
-65.0
-28.5
-55.0
-18.5
-45.0
-13.5
915.0
966.5
940.0
991.5
965.0
1016.5
890.0
941.5
-1767.0
-1737.0
-728.5
-696.0
-723.5
-691.0
-718.5
-686.0
-713.5
-681.0
-708.5
-676.0
-703.5
-671.0
-698.5
-666.0
-693.5
-661.0
-688.5
-656.0
-683.5
-651.0
-678.5
-646.0
-673.5
-641.0
-668.5
-636.0
-548.5
-511.0
-538.5
-506.0
-533.5
-501.0
-528.5
-496.0
-523.5
-491.0
-518.5
-486.0
-513.5
-476.0
-503.5
-461.0
-488.5
-456.0
-483.5
-451.0
-988.5
-956.0
-313.5
-271.0
-38.5
-1.0
-28.5
9.0
-18.5
19.0
-8.5
29.0
1.5
39.0
11.5
49.0
21.5
59.0
-88.5
-56.0
-83.5
-46.0
-73.5
-36.0
-63.5
-26.0
-53.5
-16.0
-43.5
-11.0
916.5
969.0
941.5
994.0
966.5
1019.0
891.5
944.0
310.0
345.0
315.0
350.0
320.0
355.0
325.0
360.0
330.0
365.0
335.0
370.0
340.0
375.0
345.0
380.0
350.0
385.0
355.0
390.0
360.0
395.0
365.0
400.0
370.0
405.0
490.0
530.0
500.0
535.0
505.0
540.0
510.0
545.0
515.0
550.0
520.0
555.0
525.0
565.0
535.0
580.0
550.0
585.0
555.0
590.0
50.0
85.0
725.0
770.0
1000.0
1040.0
1010.0
1050.0
1020.0
1060.0
1030.0
1070.0
1040.0
1080.0
1050.0
1090.0
1060.0
1100.0
950.0
985.0
955.0
995.0
965.0
1005.0
975.0
1015.0
985.0
1025.0
995.0
1030.0
1955.0
2010.0
1980.0
2035.0
2005.0
2060.0
1930.0
1985.0
320.0
355.0
325.0
360.0
330.0
365.0
335.0
370.0
340.0
375.0
345.0
380.0
350.0
385.0
355.0
390.0
360.0
395.0
365.0
400.0
370.0
405.0
375.0
410.0
495.0
535.0
505.0
540.0
510.0
545.0
515.0
550.0
520.0
555.0
525.0
560.0
530.0
570.0
540.0
585.0
555.0
590.0
560.0
595.0
55.0
90.0
730.0
775.0
1005.0
1045.0
1015.0
1055.0
1025.0
1065.0
1035.0
1075.0
1045.0
1085.0
1055.0
1095.0
1065.0
1105.0
955.0
990.0
960.0
1000.0
970.0
1010.0
980.0
1020.0
990.0
1030.0
1000.0
1035.0
1960.0
2015.0
1985.0
2040.0
2010.0
2065.0
1935.0
1990.0
330.0
365.0
335.0
370.0
340.0
375.0
345.0
380.0
350.0
385.0
355.0
390.0
360.0
395.0
365.0
400.0
370.0
405.0
375.0
410.0
380.0
415.0
500.0
540.0
510.0
545.0
515.0
550.0
520.0
555.0
525.0
560.0
530.0
565.0
535.0
575.0
545.0
590.0
560.0
595.0
565.0
600.0
60.0
95.0
735.0
780.0
1010.0
1050.0
1020.0
1060.0
1030.0
1070.0
1040.0
1080.0
1050.0
1090.0
1060.0
1100.0
1070.0
1110.0
960.0
995.0
965.0
1005.0
975.0
1015.0
985.0
1025.0
995.0
1035.0
1005.0
1040.0
1965.0
2020.0
1990.0
2045.0
2015.0
2070.0
1940.0
1995.0
340.0
375.0
345.0
380.0
350.0
385.0
355.0
390.0
360.0
395.0
365.0
400.0
370.0
405.0
375.0
410.0
380.0
415.0
385.0
420.0
505.0
545.0
515.0
550.0
520.0
555.0
525.0
560.0
530.0
565.0
535.0
570.0
540.0
580.0
550.0
595.0
565.0
600.0
570.0
605.0
65.0
100.0
740.0
785.0
1015.0
1055.0
1025.0
1065.0
1035.0
1075.0
1045.0
1085.0
1055.0
1095.0
1065.0
1105.0
1075.0
1115.0
965.0
1000.0
970.0
1010.0
980.0
1020.0
990.0
1030.0
1000.0
1040.0
1010.0
1045.0
1970.0
2025.0
1995.0
2050.0
2020.0
2075.0
1945.0
2000.0
350.0
385.0
355.0
390.0
360.0
395.0
365.0
400.0
370.0
405.0
375.0
410.0
380.0
415.0
385.0
420.0
390.0
425.0
510.0
550.0
520.0
555.0
525.0
560.0
530.0
565.0
535.0
570.0
540.0
575.0
545.0
585.0
555.0
600.0
570.0
605.0
575.0
610.0
70.0
105.0
745.0
790.0
1020.0
1060.0
1030.0
1070.0
1040.0
1080.0
1050.0
1090.0
1060.0
1100.0
1070.0
1110.0
1080.0
1120.0
970.0
1005.0
975.0
1015.0
985.0
1025.0
995.0
1035.0
1005.0
1045.0
1015.0
1050.0
1975.0
2030.0
2000.0
2055.0
2025.0
2080.0
1950.0
2005.0
360.0
395.0
365.0
400.0
370.0
405.0
375.0
410.0
380.0
415.0
385.0
420.0
390.0
425.0
395.0
430.0
515.0
555.0
525.0
560.0
530.0
565.0
535.0
570.0
540.0
575.0
545.0
580.0
550.0
590.0
560.0
605.0
575.0
610.0
580.0
615.0
75.0
110.0
750.0
795.0
1025.0
1065.0
1035.0
1075.0
1045.0
1085.0
1055.0
1095.0
1065.0
1105.0
1075.0
1115.0
1085.0
1125.0
975.0
1010.0
980.0
1020.0
990.0
1030.0
1000.0
1040.0
1010.0
1050.0
1020.0
1055.0
1980.0
2035.0
2005.0
2060.0
2030.0
2085.0
1955.0
2010.0
370.0
405.0
375.0
410.0
380.0
415.0
385.0
420.0
390.0
425.0
395.0
430.0
400.0
435.0
520.0
560.0
530.0
565.0
535.0
570.0
540.0
575.0
545.0
580.0
550.0
585.0
555.0
595.0
565.0
610.0
580.0
615.0
585.0
620.0
80.0
115.0
755.0
800.0
1030.0
1070.0
1040.0
1080.0
1050.0
1090.0
1060.0
1100.0
1070.0
1110.0
1080.0
1120.0
1090.0
1130.0
980.0
1015.0
985.0
1025.0
995.0
1035.0
1005.0
1045.0
1015.0
1055.0
1025.0
1060.0
1985.0
2040.0
2010.0
2065.0
2035.0
2090.0
1960.0
2015.0
380.0
415.0
385.0
420.0
390.0
425.0
395.0
430.0
400.0
435.0
405.0
440.0
525.0
565.0
535.0
570.0
540.0
575.0
545.0
580.0
550.0
585.0
555.0
590.0
560.0
600.0
570.0
615.0
585.0
620.0
590.0
625.0
85.0
120.0
760.0
805.0
1035.0
1075.0
1045.0
1085.0
1055.0
1095.0
1065.0
1105.0
1075.0
1115.0
1085.0
1125.0
1095.0
1135.0
985.0
1020.0
990.0
1030.0
1000.0
1040.0
1010.0
1050.0
1020.0
1060.0
1030.0
1065.0
1990.0
2045.0
2015.0
2070.0
2040.0
2095.0
1965.0
2020.0
390.0
425.0
395.0
430.0
400.0
435.0
405.0
440.0
410.0
445.0
530.0
570.0
540.0
575.0
545.0
580.0
550.0
585.0
555.0
590.0
560.0
595.0
565.0
605.0
575.0
620.0
590.0
625.0
595.0
630.0
90.0
125.0
765.0
810.0
1040.0
1080.0
1050.0
1090.0
1060.0
1100.0
1070.0
1110.0
1080.0
1120.0
1090.0
1130.0
1100.0
1140.0
990.0
1025.0
995.0
1035.0
1005.0
1045.0
1015.0
1055.0
1025.0
1065.0
1035.0
1070.0
1995.0
2050.0
2020.0
2075.0
2045.0
2100.0
1970.0
2025.0
400.0
435.0
405.0
440.0
410.0
445.0
415.0
450.0
535.0
575.0
545.0
580.0
550.0
585.0
555.0
590.0
560.0
595.0
565.0
600.0
570.0
610.0
580.0
625.0
595.0
630.0
600.0
635.0
95.0
130.0
770.0
815.0
1045.0
1085.0
1055.0
1095.0
1065.0
1105.0
1075.0
1115.0
1085.0
1125.0
1095.0
1135.0
1105.0
1145.0
995.0
1030.0
1000.0
1040.0
1010.0
1050.0
1020.0
1060.0
1030.0
1070.0
1040.0
1075.0
2000.0
2055.0
2025.0
2080.0
2050.0
2105.0
1975.0
2030.0
410.0
445.0
415.0
450.0
420.0
455.0
540.0
580.0
550.0
585.0
555.0
590.0
560.0
595.0
565.0
600.0
570.0
605.0
575.0
615.0
585.0
630.0
600.0
635.0
605.0
640.0
100.0
135.0
775.0
820.0
1050.0
1090.0
1060.0
1100.0
1070.0
1110.0
1080.0
1120.0
1090.0
1130.0
1100.0
1140.0
1110.0
1150.0
1000.0
1035.0
1005.0
1045.0
1015.0
1055.0
1025.0
1065.0
1035.0
1075.0
1045.0
1080.0
2005.0
2060.0
2030.0
2085.0
2055.0
2110.0
1980.0
2035.0
420.0
455.0
425.0
460.0
545.0
585.0
555.0
590.0
560.0
595.0
565.0
600.0
570.0
605.0
575.0
610.0
580.0
620.0
590.0
635.0
605.0
640.0
610.0
645.0
105.0
140.0
780.0
825.0
1055.0
1095.0
1065.0
1105.0
1075.0
1115.0
1085.0
1125.0
1095.0
1135.0
1105.0
1145.0
1115.0
1155.0
1005.0
1040.0
1010.0
1050.0
1020.0
1060.0
1030.0
1070.0
1040.0
1080.0
1050.0
1085.0
2010.0
2065.0
2035.0
2090.0
2060.0
2115.0
1985.0
2040.0
430.0
465.0
550.0
590.0
560.0
595.0
565.0
600.0
570.0
605.0
575.0
610.0
580.0
615.0
585.0
625.0
595.0
640.0
610.0
645.0
615.0
650.0
110.0
145.0
785.0
830.0
1060.0
1100.0
1070.0
1110.0
1080.0
1120.0
1090.0
1130.0
1100.0
1140.0
1110.0
1150.0
1120.0
1160.0
1010.0
1045.0
1015.0
1055.0
1025.0
1065.0
1035.0
1075.0
1045.0
1085.0
1055.0
1090.0
2015.0
2070.0
2040.0
2095.0
2065.0
2120.0
1990.0
2045.0
670.0
715.0
680.0
720.0
685.0
725.0
690.0
730.0
695.0
735.0
700.0
740.0
705.0
750.0
715.0
765.0
730.0
770.0
735.0
775.0
230.0
270.0
905.0
955.0
1180.0
1225.0
1190.0
1235.0
1200.0
1245.0
1210.0
1255.0
1220.0
1265.0
1230.0
1275.0
1240.0
1285.0
1130.0
1170.0
1135.0
1180.0
1145.0
1190.0
1155.0
1200.0
1165.0
1210.0
1175.0
1215.0
2135.0
2195.0
2160.0
2220.0
2185.0
2245.0
2110.0
2170.0
690.0
725.0
695.0
730.0
700.0
735.0
705.0
740.0
710.0
745.0
715.0
755.0
725.0
770.0
740.0
775.0
745.0
780.0
240.0
275.0
915.0
960.0
1190.0
1230.0
1200.0
1240.0
1210.0
1250.0
1220.0
1260.0
1230.0
1270.0
1240.0
1280.0
1250.0
1290.0
1140.0
1175.0
1145.0
1185.0
1155.0
1195.0
1165.0
1205.0
1175.0
1215.0
1185.0
1220.0
2145.0
2200.0
2170.0
2225.0
2195.0
2250.0
2120.0
2175.0
700.0
735.0
705.0
740.0
710.0
745.0
715.0
750.0
720.0
760.0
730.0
775.0
745.0
780.0
750.0
785.0
245.0
280.0
920.0
965.0
1195.0
1235.0
1205.0
1245.0
1215.0
1255.0
1225.0
1265.0
1235.0
1275.0
1245.0
1285.0
1255.0
1295.0
1145.0
1180.0
1150.0
1190.0
1160.0
1200.0
1170.0
1210.0
1180.0
1220.0
1190.0
1225.0
2150.0
2205.0
2175.0
2230.0
2200.0
2255.0
2125.0
2180.0
710.0
745.0
715.0
750.0
720.0
755.0
725.0
765.0
735.0
780.0
750.0
785.0
755.0
790.0
250.0
285.0
925.0
970.0
1200.0
1240.0
1210.0
1250.0
1220.0
1260.0
1230.0
1270.0
1240.0
1280.0
1250.0
1290.0
1260.0
1300.0
1150.0
1185.0
1155.0
1195.0
1165.0
1205.0
1175.0
1215.0
1185.0
1225.0
1195.0
1230.0
2155.0
2210.0
2180.0
2235.0
2205.0
2260.0
2130.0
2185.0
720.0
755.0
725.0
760.0
730.0
770.0
740.0
785.0
755.0
790.0
760.0
795.0
255.0
290.0
930.0
975.0
1205.0
1245.0
1215.0
1255.0
1225.0
1265.0
1235.0
1275.0
1245.0
1285.0
1255.0
1295.0
1265.0
1305.0
1155.0
1190.0
1160.0
1200.0
1170.0
1210.0
1180.0
1220.0
1190.0
1230.0
1200.0
1235.0
2160.0
2215.0
2185.0
2240.0
2210.0
2265.0
2135.0
2190.0
730.0
765.0
735.0
775.0
745.0
790.0
760.0
795.0
765.0
800.0
260.0
295.0
935.0
980.0
1210.0
1250.0
1220.0
1260.0
1230.0
1270.0
1240.0
1280.0
1250.0
1290.0
1260.0
1300.0
1270.0
1310.0
1160.0
1195.0
1165.0
1205.0
1175.0
1215.0
1185.0
1225.0
1195.0
1235.0
1205.0
1240.0
2165.0
2220.0
2190.0
2245.0
2215.0
2270.0
2140.0
2195.0
740.0
785.0
750.0
800.0
765.0
805.0
770.0
810.0
265.0
305.0
940.0
990.0
1215.0
1260.0
1225.0
1270.0
1235.0
1280.0
1245.0
1290.0
1255.0
1300.0
1265.0
1310.0
1275.0
1320.0
1165.0
1205.0
1170.0
1215.0
1180.0
1225.0
1190.0
1235.0
1200.0
1245.0
1210.0
1250.0
2170.0
2230.0
2195.0
2255.0
2220.0
2280.0
2145.0
2205.0
760.0
815.0
775.0
820.0
780.0
825.0
275.0
320.0
950.0
1005.0
1225.0
1275.0
1235.0
1285.0
1245.0
1295.0
1255.0
1305.0
1265.0
1315.0
1275.0
1325.0
1285.0
1335.0
1175.0
1220.0
1180.0
1230.0
1190.0
1240.0
1200.0
1250.0
1210.0
1260.0
1220.0
1265.0
2180.0
2245.0
2205.0
2270.0
2230.0
2295.0
2155.0
2220.0
790.0
825.0
795.0
830.0
290.0
325.0
965.0
1010.0
1240.0
1280.0
1250.0
1290.0
1260.0
1300.0
1270.0
1310.0
1280.0
1320.0
1290.0
1330.0
1300.0
1340.0
1190.0
1225.0
1195.0
1235.0
1205.0
1245.0
1215.0
1255.0
1225.0
1265.0
1235.0
1270.0
2195.0
2250.0
2220.0
2275.0
2245.0
2300.0
2170.0
2225.0
800.0
835.0
295.0
330.0
970.0
1015.0
1245.0
1285.0
1255.0
1295.0
1265.0
1305.0
1275.0
1315.0
1285.0
1325.0
1295.0
1335.0
1305.0
1345.0
1195.0
1230.0
1200.0
1240.0
1210.0
1250.0
1220.0
1260.0
1230.0
1270.0
1240.0
1275.0
2200.0
2255.0
2225.0
2280.0
2250.0
2305.0
2175.0
2230.0
-210.0
-175.0
465.0
510.0
740.0
780.0
750.0
790.0
760.0
800.0
770.0
810.0
780.0
820.0
790.0
830.0
800.0
840.0
690.0
725.0
695.0
735.0
705.0
745.0
715.0
755.0
725.0
765.0
735.0
770.0
1695.0
1750.0
1720.0
1775.0
1745.0
1800.0
1670.0
1725.0
1140.0
1195.0
1415.0
1465.0
1425.0
1475.0
1435.0
1485.0
1445.0
1495.0
1455.0
1505.0
1465.0
1515.0
1475.0
1525.0
1365.0
1410.0
1370.0
1420.0
1380.0
1430.0
1390.0
1440.0
1400.0
1450.0
1410.0
1455.0
2370.0
2435.0
2395.0
2460.0
2420.0
2485.0
2345.0
2410.0
1690.0
1735.0
1700.0
1745.0
1710.0
1755.0
1720.0
1765.0
1730.0
1775.0
1740.0
1785.0
1750.0
1795.0
1640.0
1680.0
1645.0
1690.0
1655.0
1700.0
1665.0
1710.0
1675.0
1720.0
1685.0
1725.0
2645.0
2705.0
2670.0
2730.0
2695.0
2755.0
2620.0
2680.0
1710.0
1755.0
1720.0
1765.0
1730.0
1775.0
1740.0
1785.0
1750.0
1795.0
1760.0
1805.0
1650.0
1690.0
1655.0
1700.0
1665.0
1710.0
1675.0
1720.0
1685.0
1730.0
1695.0
1735.0
2655.0
2715.0
2680.0
2740.0
2705.0
2765.0
2630.0
2690.0
1730.0
1775.0
1740.0
1785.0
1750.0
1795.0
1760.0
1805.0
1770.0
1815.0
1660.0
1700.0
1665.0
1710.0
1675.0
1720.0
1685.0
1730.0
1695.0
1740.0
1705.0
1745.0
2665.0
2725.0
2690.0
2750.0
2715.0
2775.0
2640.0
2700.0
1750.0
1795.0
1760.0
1805.0
1770.0
1815.0
1780.0
1825.0
1670.0
1710.0
1675.0
1720.0
1685.0
1730.0
1695.0
1740.0
1705.0
1750.0
1715.0
1755.0
2675.0
2735.0
2700.0
2760.0
2725.0
2785.0
2650.0
2710.0
1770.0
1815.0
1780.0
1825.0
1790.0
1835.0
1680.0
1720.0
1685.0
1730.0
1695.0
1740.0
1705.0
1750.0
1715.0
1760.0
1725.0
1765.0
2685.0
2745.0
2710.0
2770.0
2735.0
2795.0
2660.0
2720.0
1790.0
1835.0
1800.0
1845.0
1690.0
1730.0
1695.0
1740.0
1705.0
1750.0
1715.0
1760.0
1725.0
1770.0
1735.0
1775.0
2695.0
2755.0
2720.0
2780.0
2745.0
2805.0
2670.0
2730.0
1810.0
1855.0
1700.0
1740.0
1705.0
1750.0
1715.0
1760.0
1725.0
1770.0
1735.0
1780.0
1745.0
1785.0
2705.0
2765.0
2730.0
2790.0
2755.0
2815.0
2680.0
2740.0
1590.0
1625.0
1595.0
1635.0
1605.0
1645.0
1615.0
1655.0
1625.0
1665.0
1635.0
1670.0
2595.0
2650.0
2620.0
2675.0
2645.0
2700.0
2570.0
2625.0
1600.0
1645.0
1610.0
1655.0
1620.0
1665.0
1630.0
1675.0
1640.0
1680.0
2600.0
2660.0
2625.0
2685.0
2650.0
2710.0
2575.0
2635.0
1620.0
1665.0
1630.0
1675.0
1640.0
1685.0
1650.0
1690.0
2610.0
2670.0
2635.0
2695.0
2660.0
2720.0
2585.0
2645.0
1640.0
1685.0
1650.0
1695.0
1660.0
1700.0
2620.0
2680.0
2645.0
2705.0
2670.0
2730.0
2595.0
2655.0
1660.0
1705.0
1670.0
1710.0
2630.0
2690.0
2655.0
2715.0
2680.0
2740.0
2605.0
2665.0
1680.0
1715.0
2640.0
2695.0
2665.0
2720.0
2690.0
2745.0
2615.0
2670.0
3600.0
3675.0
3625.0
3700.0
3650.0
3725.0
3575.0
3650.0
3650.0
3725.0
3675.0
3750.0
3600.0
3675.0
3700.0
3775.0
3625.0
3700.0
3550.0
3625.0
