-2169.0
-2132.0
-2163.0
-2126.0
-2157.0
-2120.0
-2181.0
-2144.0
-2175.0
-2138.0
-2151.0
-2115.0
-2146.0
-2110.0
-2046.0
-2000.0
-2028.0
-1986.0
-2017.0
-1976.0
-2007.0
-1974.5
-2005.5
-1972.0
-967.0
-931.0
-962.0
-926.0
-957.0
-921.0
-952.0
-916.0
-947.0
-911.0
-942.0
-906.0
-937.0
-901.0
-932.0
-896.0
-927.0
-891.0
-922.0
-886.0
-917.0
-881.0
-912.0
-876.0
-907.0
-871.0
-787.0
-746.0
-777.0
-741.0
-772.0
-736.0
-767.0
-731.0
-762.0
-726.0
-757.0
-721.0
-752.0
-711.0
-742.0
-696.0
-727.0
-691.0
-722.0
-686.0
-1227.0
-1191.0
-552.0
-506.0
-277.0
-236.0
-267.0
-226.0
-257.0
-216.0
-247.0
-206.0
-237.0
-196.0
-227.0
-186.0
-217.0
-176.0
-327.0
-291.0
-322.0
-281.0
-312.0
-271.0
-302.0
-261.0
-292.0
-251.0
-282.0
-246.0
678.0
734.0
703.0
759.0
728.0
784.0
653.0
709.0
-2157.0
-2120.0
-2151.0
-2114.0
-2175.0
-2138.0
-2169.0
-2132.0
-2145.0
-2109.0
-2140.0
-2104.0
-2040.0
-1994.0
-2022.0
-1980.0
-2011.0
-1970.0
-2001.0
-1968.5
-1999.5
-1966.0
-961.0
-925.0
-956.0
-920.0
-951.0
-915.0
-946.0
-910.0
-941.0
-905.0
-936.0
-900.0
-931.0
-895.0
-926.0
-890.0
-921.0
-885.0
-916.0
-880.0
-911.0
-875.0
-906.0
-870.0
-901.0
-865.0
-781.0
-740.0
-771.0
-735.0
-766.0
-730.0
-761.0
-725.0
-756.0
-720.0
-751.0
-715.0
-746.0
-705.0
-736.0
-690.0
-721.0
-685.0
-716.0
-680.0
-1221.0
-1185.0
-546.0
-500.0
-271.0
-230.0
-261.0
-220.0
-251.0
-210.0
-241.0
-200.0
-231.0
-190.0
-221.0
-180.0
-211.0
-170.0
-321.0
-285.0
-316.0
-275.0
-306.0
-265.0
-296.0
-255.0
-286.0
-245.0
-276.0
-240.0
684.0
740.0
709.0
765.0
734.0
790.0
659.0
715.0
-2145.0
-2108.0
-2169.0
-2132.0
-2163.0
-2126.0
-2139.0
-2103.0
-2134.0
-2098.0
-2034.0
-1988.0
-2016.0
-1974.0
-2005.0
-1964.0
-1995.0
-1962.5
-1993.5
-1960.0
-955.0
-919.0
-950.0
-914.0
-945.0
-909.0
-940.0
-904.0
-935.0
-899.0
-930.0
-894.0
-925.0
-889.0
-920.0
-884.0
-915.0
-879.0
-910.0
-874.0
-905.0
-869.0
-900.0
-864.0
-895.0
-859.0
-775.0
-734.0
-765.0
-729.0
-760.0
-724.0
-755.0
-719.0
-750.0
-714.0
-745.0
-709.0
-740.0
-699.0
-730.0
-684.0
-715.0
-679.0
-710.0
-674.0
-1215.0
-1179.0
-540.0
-494.0
-265.0
-224.0
-255.0
-214.0
-245.0
-204.0
-235.0
-194.0
-225.0
-184.0
-215.0
-174.0
-205.0
-164.0
-315.0
-279.0
-310.0
-269.0
-300.0
-259.0
-290.0
-249.0
-280.0
-239.0
-270.0
-234.0
690.0
746.0
715.0
771.0
740.0
796.0
665.0
721.0
-2193.0
-2156.0
-2187.0
-2150.0
-2163.0
-2127.0
-2158.0
-2122.0
-2058.0
-2012.0
-2040.0
-1998.0
-2029.0
-1988.0
-2019.0
-1986.5
-2017.5
-1984.0
-979.0
-943.0
-974.0
-938.0
-969.0
-933.0
-964.0
-928.0
-959.0
-923.0
-954.0
-918.0
-949.0
-913.0
-944.0
-908.0
-939.0
-903.0
-934.0
-898.0
-929.0
-893.0
-924.0
-888.0
-919.0
-883.0
-799.0
-758.0
-789.0
-753.0
-784.0
-748.0
-779.0
-743.0
-774.0
-738.0
-769.0
-733.0
-764.0
-723.0
-754.0
-708.0
-739.0
-703.0
-734.0
-698.0
-1239.0
-1203.0
-564.0
-518.0
-289.0
-248.0
-279.0
-238.0
-269.0
-228.0
-259.0
-218.0
-249.0
-208.0
-239.0
-198.0
-229.0
-188.0
-339.0
-303.0
-334.0
-293.0
-324.0
-283.0
-314.0
-273.0
-304.0
-263.0
-294.0
-258.0
666.0
722.0
691.0
747.0
716.0
772.0
641.0
697.0
-2181.0
-2144.0
-2157.0
-2121.0
-2152.0
-2116.0
-2052.0
-2006.0
-2034.0
-1992.0
-2023.0
-1982.0
-2013.0
-1980.5
-2011.5
-1978.0
-973.0
-937.0
-968.0
-932.0
-963.0
-927.0
-958.0
-922.0
-953.0
-917.0
-948.0
-912.0
-943.0
-907.0
-938.0
-902.0
-933.0
-897.0
-928.0
-892.0
-923.0
-887.0
-918.0
-882.0
-913.0
-877.0
-793.0
-752.0
-783.0
-747.0
-778.0
-742.0
-773.0
-737.0
-768.0
-732.0
-763.0
-727.0
-758.0
-717.0
-748.0
-702.0
-733.0
-697.0
-728.0
-692.0
-1233.0
-1197.0
-558.0
-512.0
-283.0
-242.0
-273.0
-232.0
-263.0
-222.0
-253.0
-212.0
-243.0
-202.0
-233.0
-192.0
-223.0
-182.0
-333.0
-297.0
-328.0
-287.0
-318.0
-277.0
-308.0
-267.0
-298.0
-257.0
-288.0
-252.0
672.0
728.0
697.0
753.0
722.0
778.0
647.0
703.0
-2133.0
-2098.0
-2128.0
-2093.0
-2028.0
-1983.0
-2010.0
-1969.0
-1999.0
-1959.0
-1989.0
-1957.5
-1987.5
-1955.0
-949.0
-914.0
-944.0
-909.0
-939.0
-904.0
-934.0
-899.0
-929.0
-894.0
-924.0
-889.0
-919.0
-884.0
-914.0
-879.0
-909.0
-874.0
-904.0
-869.0
-899.0
-864.0
-894.0
-859.0
-889.0
-854.0
-769.0
-729.0
-759.0
-724.0
-754.0
-719.0
-749.0
-714.0
-744.0
-709.0
-739.0
-704.0
-734.0
-694.0
-724.0
-679.0
-709.0
-674.0
-704.0
-669.0
-1209.0
-1174.0
-534.0
-489.0
-259.0
-219.0
-249.0
-209.0
-239.0
-199.0
-229.0
-189.0
-219.0
-179.0
-209.0
-169.0
-199.0
-159.0
-309.0
-274.0
-304.0
-264.0
-294.0
-254.0
-284.0
-244.0
-274.0
-234.0
-264.0
-229.0
696.0
751.0
721.0
776.0
746.0
801.0
671.0
726.0
-2123.0
-2088.0
-2023.0
-1978.0
-2005.0
-1964.0
-1994.0
-1954.0
-1984.0
-1952.5
-1982.5
-1950.0
-944.0
-909.0
-939.0
-904.0
-934.0
-899.0
-929.0
-894.0
-924.0
-889.0
-919.0
-884.0
-914.0
-879.0
-909.0
-874.0
-904.0
-869.0
-899.0
-864.0
-894.0
-859.0
-889.0
-854.0
-884.0
-849.0
-764.0
-724.0
-754.0
-719.0
-749.0
-714.0
-744.0
-709.0
-739.0
-704.0
-734.0
-699.0
-729.0
-689.0
-719.0
-674.0
-704.0
-669.0
-699.0
-664.0
-1204.0
-1169.0
-529.0
-484.0
-254.0
-214.0
-244.0
-204.0
-234.0
-194.0
-224.0
-184.0
-214.0
-174.0
-204.0
-164.0
-194.0
-154.0
-304.0
-269.0
-299.0
-259.0
-289.0
-249.0
-279.0
-239.0
-269.0
-229.0
-259.0
-224.0
701.0
756.0
726.0
781.0
751.0
806.0
676.0
731.0
-1923.0
-1868.0
-1905.0
-1854.0
-1894.0
-1844.0
-1884.0
-1842.5
-1882.5
-1840.0
-844.0
-799.0
-839.0
-794.0
-834.0
-789.0
-829.0
-784.0
-824.0
-779.0
-819.0
-774.0
-814.0
-769.0
-809.0
-764.0
-804.0
-759.0
-799.0
-754.0
-794.0
-749.0
-789.0
-744.0
-784.0
-739.0
-664.0
-614.0
-654.0
-609.0
-649.0
-604.0
-644.0
-599.0
-639.0
-594.0
-634.0
-589.0
-629.0
-579.0
-619.0
-564.0
-604.0
-559.0
-599.0
-554.0
-1104.0
-1059.0
-429.0
-374.0
-154.0
-104.0
-144.0
-94.0
-134.0
-84.0
-124.0
-74.0
-114.0
-64.0
-104.0
-54.0
-94.0
-44.0
-204.0
-159.0
-199.0
-149.0
-189.0
-139.0
-179.0
-129.0
-169.0
-119.0
-159.0
-114.0
801.0
866.0
826.0
891.0
851.0
916.0
776.0
841.0
-1887.0
-1840.0
-1876.0
-1830.0
-1866.0
-1828.5
-1864.5
-1826.0
-826.0
-785.0
-821.0
-780.0
-816.0
-775.0
-811.0
-770.0
-806.0
-765.0
-801.0
-760.0
-796.0
-755.0
-791.0
-750.0
-786.0
-745.0
-781.0
-740.0
-776.0
-735.0
-771.0
-730.0
-766.0
-725.0
-646.0
-600.0
-636.0
-595.0
-631.0
-590.0
-626.0
-585.0
-621.0
-580.0
-616.0
-575.0
-611.0
-565.0
-601.0
-550.0
-586.0
-545.0
-581.0
-540.0
-1086.0
-1045.0
-411.0
-360.0
-136.0
-90.0
-126.0
-80.0
-116.0
-70.0
-106.0
-60.0
-96.0
-50.0
-86.0
-40.0
-76.0
-30.0
-186.0
-145.0
-181.0
-135.0
-171.0
-125.0
-161.0
-115.0
-151.0
-105.0
-141.0
-100.0
819.0
880.0
844.0
905.0
869.0
930.0
794.0
855.0
-1865.0
-1820.0
-1855.0
-1818.5
-1853.5
-1816.0
-815.0
-775.0
-810.0
-770.0
-805.0
-765.0
-800.0
-760.0
-795.0
-755.0
-790.0
-750.0
-785.0
-745.0
-780.0
-740.0
-775.0
-735.0
-770.0
-730.0
-765.0
-725.0
-760.0
-720.0
-755.0
-715.0
-635.0
-590.0
-625.0
-585.0
-620.0
-580.0
-615.0
-575.0
-610.0
-570.0
-605.0
-565.0
-600.0
-555.0
-590.0
-540.0
-575.0
-535.0
-570.0
-530.0
-1075.0
-1035.0
-400.0
-350.0
-125.0
-80.0
-115.0
-70.0
-105.0
-60.0
-95.0
-50.0
-85.0
-40.0
-75.0
-30.0
-65.0
-20.0
-175.0
-135.0
-170.0
-125.0
-160.0
-115.0
-150.0
-105.0
-140.0
-95.0
-130.0
-90.0
830.0
890.0
855.0
915.0
880.0
940.0
805.0
865.0
-1845.0
-1817.0
-1843.5
-1814.5
-805.0
-773.5
-800.0
-768.5
-795.0
-763.5
-790.0
-758.5
-785.0
-753.5
-780.0
-748.5
-775.0
-743.5
-770.0
-738.5
-765.0
-733.5
-760.0
-728.5
-755.0
-723.5
-750.0
-718.5
-745.0
-713.5
-625.0
-588.5
-615.0
-583.5
-610.0
-578.5
-605.0
-573.5
-600.0
-568.5
-595.0
-563.5
-590.0
-553.5
-580.0
-538.5
-565.0
-533.5
-560.0
-528.5
-1065.0
-1033.5
-390.0
-348.5
-115.0
-78.5
-105.0
-68.5
-95.0
-58.5
-85.0
-48.5
-75.0
-38.5
-65.0
-28.5
-55.0
-18.5
-165.0
-133.5
-160.0
-123.5
-150.0
-113.5
-140.0
-103.5
-130.0
-93.5
-120.0
-88.5
840.0
891.5
865.0
916.5
890.0
941.5
815.0
866.5
-1842.0
-1812.0
-803.5
-771.0
-798.5
-766.0
-793.5
-761.0
-788.5
-756.0
-783.5
-751.0
-778.5
-746.0
-773.5
-741.0
-768.5
-736.0
-763.5
-731.0
-758.5
-726.0
-753.5
-721.0
-748.5
-716.0
-743.5
-711.0
-623.5
-586.0
-613.5
-581.0
-608.5
-576.0
-603.5
-571.0
-598.5
-566.0
-593.5
-561.0
-588.5
-551.0
-578.5
-536.0
-563.5
-531.0
-558.5
-526.0
-1063.5
-1031.0
-388.5
-346.0
-113.5
-76.0
-103.5
-66.0
-93.5
-56.0
-83.5
-46.0
-73.5
-36.0
-63.5
-26.0
-53.5
-16.0
-163.5
-131.0
-158.5
-121.0
-148.5
-111.0
-138.5
-101.0
-128.5
-91.0
-118.5
-86.0
841.5
894.0
866.5
919.0
891.5
944.0
816.5
869.0
235.0
270.0
240.0
275.0
245.0
280.0
250.0
285.0
255.0
290.0
260.0
295.0
265.0
300.0
270.0
305.0
275.0
310.0
280.0
315.0
285.0
320.0
290.0
325.0
295.0
330.0
415.0
455.0
425.0
460.0
430.0
465.0
435.0
470.0
440.0
475.0
445.0
480.0
450.0
490.0
460.0
505.0
475.0
510.0
480.0
515.0
-25.0
10.0
650.0
695.0
925.0
965.0
935.0
975.0
945.0
985.0
955.0
995.0
965.0
1005.0
975.0
1015.0
985.0
1025.0
875.0
910.0
880.0
920.0
890.0
930.0
900.0
940.0
910.0
950.0
920.0
955.0
1880.0
1935.0
1905.0
1960.0
1930.0
1985.0
1855.0
1910.0
245.0
280.0
250.0
285.0
255.0
290.0
260.0
295.0
265.0
300.0
270.0
305.0
275.0
310.0
280.0
315.0
285.0
320.0
290.0
325.0
295.0
330.0
300.0
335.0
420.0
460.0
430.0
465.0
435.0
470.0
440.0
475.0
445.0
480.0
450.0
485.0
455.0
495.0
465.0
510.0
480.0
515.0
485.0
520.0
-20.0
15.0
655.0
700.0
930.0
970.0
940.0
980.0
950.0
990.0
960.0
1000.0
970.0
1010.0
980.0
1020.0
990.0
1030.0
880.0
915.0
885.0
925.0
895.0
935.0
905.0
945.0
915.0
955.0
925.0
960.0
1885.0
1940.0
1910.0
1965.0
1935.0
1990.0
1860.0
1915.0
255.0
290.0
260.0
295.0
265.0
300.0
270.0
305.0
275.0
310.0
280.0
315.0
285.0
320.0
290.0
325.0
295.0
330.0
300.0
335.0
305.0
340.0
425.0
465.0
435.0
470.0
440.0
475.0
445.0
480.0
450.0
485.0
455.0
490.0
460.0
500.0
470.0
515.0
485.0
520.0
490.0
525.0
-15.0
20.0
660.0
705.0
935.0
975.0
945.0
985.0
955.0
995.0
965.0
1005.0
975.0
1015.0
985.0
1025.0
995.0
1035.0
885.0
920.0
890.0
930.0
900.0
940.0
910.0
950.0
920.0
960.0
930.0
965.0
1890.0
1945.0
1915.0
1970.0
1940.0
1995.0
1865.0
1920.0
265.0
300.0
270.0
305.0
275.0
310.0
280.0
315.0
285.0
320.0
290.0
325.0
295.0
330.0
300.0
335.0
305.0
340.0
310.0
345.0
430.0
470.0
440.0
475.0
445.0
480.0
450.0
485.0
455.0
490.0
460.0
495.0
465.0
505.0
475.0
520.0
490.0
525.0
495.0
530.0
-10.0
25.0
665.0
710.0
940.0
980.0
950.0
990.0
960.0
1000.0
970.0
1010.0
980.0
1020.0
990.0
1030.0
1000.0
1040.0
890.0
925.0
895.0
935.0
905.0
945.0
915.0
955.0
925.0
965.0
935.0
970.0
1895.0
1950.0
1920.0
1975.0
1945.0
2000.0
1870.0
1925.0
275.0
310.0
280.0
315.0
285.0
320.0
290.0
325.0
295.0
330.0
300.0
335.0
305.0
340.0
310.0
345.0
315.0
350.0
435.0
475.0
445.0
480.0
450.0
485.0
455.0
490.0
460.0
495.0
465.0
500.0
470.0
510.0
480.0
525.0
495.0
530.0
500.0
535.0
-5.0
30.0
670.0
715.0
945.0
985.0
955.0
995.0
965.0
1005.0
975.0
1015.0
985.0
1025.0
995.0
1035.0
1005.0
1045.0
895.0
930.0
900.0
940.0
910.0
950.0
920.0
960.0
930.0
970.0
940.0
975.0
1900.0
1955.0
1925.0
1980.0
1950.0
2005.0
1875.0
1930.0
285.0
320.0
290.0
325.0
295.0
330.0
300.0
335.0
305.0
340.0
310.0
345.0
315.0
350.0
320.0
355.0
440.0
480.0
450.0
485.0
455.0
490.0
460.0
495.0
465.0
500.0
470.0
505.0
475.0
515.0
485.0
530.0
500.0
535.0
505.0
540.0
0.0
35.0
675.0
720.0
950.0
990.0
960.0
1000.0
970.0
1010.0
980.0
1020.0
990.0
1030.0
1000.0
1040.0
1010.0
1050.0
900.0
935.0
905.0
945.0
915.0
955.0
925.0
965.0
935.0
975.0
945.0
980.0
1905.0
1960.0
1930.0
1985.0
1955.0
2010.0
1880.0
1935.0
295.0
330.0
300.0
335.0
305.0
340.0
310.0
345.0
315.0
350.0
320.0
355.0
325.0
360.0
445.0
485.0
455.0
490.0
460.0
495.0
465.0
500.0
470.0
505.0
475.0
510.0
480.0
520.0
490.0
535.0
505.0
540.0
510.0
545.0
5.0
40.0
680.0
725.0
955.0
995.0
965.0
1005.0
975.0
1015.0
985.0
1025.0
995.0
1035.0
1005.0
1045.0
1015.0
1055.0
905.0
940.0
910.0
950.0
920.0
960.0
930.0
970.0
940.0
980.0
950.0
985.0
1910.0
1965.0
1935.0
1990.0
1960.0
2015.0
1885.0
1940.0
305.0
340.0
310.0
345.0
315.0
350.0
320.0
355.0
325.0
360.0
330.0
365.0
450.0
490.0
460.0
495.0
465.0
500.0
470.0
505.0
475.0
510.0
480.0
515.0
485.0
525.0
495.0
540.0
510.0
545.0
515.0
550.0
10.0
45.0
685.0
730.0
960.0
1000.0
970.0
1010.0
980.0
1020.0
990.0
1030.0
1000.0
1040.0
1010.0
1050.0
1020.0
1060.0
910.0
945.0
915.0
955.0
925.0
965.0
935.0
975.0
945.0
985.0
955.0
990.0
1915.0
1970.0
1940.0
1995.0
1965.0
2020.0
1890.0
1945.0
315.0
350.0
320.0
355.0
325.0
360.0
330.0
365.0
335.0
370.0
455.0
495.0
465.0
500.0
470.0
505.0
475.0
510.0
480.0
515.0
485.0
520.0
490.0
530.0
500.0
545.0
515.0
550.0
520.0
555.0
15.0
50.0
690.0
735.0
965.0
1005.0
975.0
1015.0
985.0
1025.0
995.0
1035.0
1005.0
1045.0
1015.0
1055.0
1025.0
1065.0
915.0
950.0
920.0
960.0
930.0
970.0
940.0
980.0
950.0
990.0
960.0
995.0
1920.0
1975.0
1945.0
2000.0
1970.0
2025.0
1895.0
1950.0
325.0
360.0
330.0
365.0
335.0
370.0
340.0
375.0
460.0
500.0
470.0
505.0
475.0
510.0
480.0
515.0
485.0
520.0
490.0
525.0
495.0
535.0
505.0
550.0
520.0
555.0
525.0
560.0
20.0
55.0
695.0
740.0
970.0
1010.0
980.0
1020.0
990.0
1030.0
1000.0
1040.0
1010.0
1050.0
1020.0
1060.0
1030.0
1070.0
920.0
955.0
925.0
965.0
935.0
975.0
945.0
985.0
955.0
995.0
965.0
1000.0
1925.0
1980.0
1950.0
2005.0
1975.0
2030.0
1900.0
1955.0
335.0
370.0
340.0
375.0
345.0
380.0
465.0
505.0
475.0
510.0
480.0
515.0
485.0
520.0
490.0
525.0
495.0
530.0
500.0
540.0
510.0
555.0
525.0
560.0
530.0
565.0
25.0
60.0
700.0
745.0
975.0
1015.0
985.0
1025.0
995.0
1035.0
1005.0
1045.0
1015.0
1055.0
1025.0
1065.0
1035.0
1075.0
925.0
960.0
930.0
970.0
940.0
980.0
950.0
990.0
960.0
1000.0
970.0
1005.0
1930.0
1985.0
1955.0
2010.0
1980.0
2035.0
1905.0
1960.0
345.0
380.0
350.0
385.0
470.0
510.0
480.0
515.0
485.0
520.0
490.0
525.0
495.0
530.0
500.0
535.0
505.0
545.0
515.0
560.0
530.0
565.0
535.0
570.0
30.0
65.0
705.0
750.0
980.0
1020.0
990.0
1030.0
1000.0
1040.0
1010.0
1050.0
1020.0
1060.0
1030.0
1070.0
1040.0
1080.0
930.0
965.0
935.0
975.0
945.0
985.0
955.0
995.0
965.0
1005.0
975.0
1010.0
1935.0
1990.0
1960.0
2015.0
1985.0
2040.0
1910.0
1965.0
355.0
390.0
475.0
515.0
485.0
520.0
490.0
525.0
495.0
530.0
500.0
535.0
505.0
540.0
510.0
550.0
520.0
565.0
535.0
570.0
540.0
575.0
35.0
70.0
710.0
755.0
985.0
1025.0
995.0
1035.0
1005.0
1045.0
1015.0
1055.0
1025.0
1065.0
1035.0
1075.0
1045.0
1085.0
935.0
970.0
940.0
980.0
950.0
990.0
960.0
1000.0
970.0
1010.0
980.0
1015.0
1940.0
1995.0
1965.0
2020.0
1990.0
2045.0
1915.0
1970.0
595.0
640.0
605.0
645.0
610.0
650.0
615.0
655.0
620.0
660.0
625.0
665.0
630.0
675.0
640.0
690.0
655.0
695.0
660.0
700.0
155.0
195.0
830.0
880.0
1105.0
1150.0
1115.0
1160.0
1125.0
1170.0
1135.0
1180.0
1145.0
1190.0
1155.0
1200.0
1165.0
1210.0
1055.0
1095.0
1060.0
1105.0
1070.0
1115.0
1080.0
1125.0
1090.0
1135.0
1100.0
1140.0
2060.0
2120.0
2085.0
2145.0
2110.0
2170.0
2035.0
2095.0
615.0
650.0
620.0
655.0
625.0
660.0
630.0
665.0
635.0
670.0
640.0
680.0
650.0
695.0
665.0
700.0
670.0
705.0
165.0
200.0
840.0
885.0
1115.0
1155.0
1125.0
1165.0
1135.0
1175.0
1145.0
1185.0
1155.0
1195.0
1165.0
1205.0
1175.0
1215.0
1065.0
1100.0
1070.0
1110.0
1080.0
1120.0
1090.0
1130.0
1100.0
1140.0
1110.0
1145.0
2070.0
2125.0
2095.0
2150.0
2120.0
2175.0
2045.0
2100.0
625.0
660.0
630.0
665.0
635.0
670.0
640.0
675.0
645.0
685.0
655.0
700.0
670.0
705.0
675.0
710.0
170.0
205.0
845.0
890.0
1120.0
1160.0
1130.0
1170.0
1140.0
1180.0
1150.0
1190.0
1160.0
1200.0
1170.0
1210.0
1180.0
1220.0
1070.0
1105.0
1075.0
1115.0
1085.0
1125.0
1095.0
1135.0
1105.0
1145.0
1115.0
1150.0
2075.0
2130.0
2100.0
2155.0
2125.0
2180.0
2050.0
2105.0
635.0
670.0
640.0
675.0
645.0
680.0
650.0
690.0
660.0
705.0
675.0
710.0
680.0
715.0
175.0
210.0
850.0
895.0
1125.0
1165.0
1135.0
1175.0
1145.0
1185.0
1155.0
1195.0
1165.0
1205.0
1175.0
1215.0
1185.0
1225.0
1075.0
1110.0
1080.0
1120.0
1090.0
1130.0
1100.0
1140.0
1110.0
1150.0
1120.0
1155.0
2080.0
2135.0
2105.0
2160.0
2130.0
2185.0
2055.0
2110.0
645.0
680.0
650.0
685.0
655.0
695.0
665.0
710.0
680.0
715.0
685.0
720.0
180.0
215.0
855.0
900.0
1130.0
1170.0
1140.0
1180.0
1150.0
1190.0
1160.0
1200.0
1170.0
1210.0
1180.0
1220.0
1190.0
1230.0
1080.0
1115.0
1085.0
1125.0
1095.0
1135.0
1105.0
1145.0
1115.0
1155.0
1125.0
1160.0
2085.0
2140.0
2110.0
2165.0
2135.0
2190.0
2060.0
2115.0
655.0
690.0
660.0
700.0
670.0
715.0
685.0
720.0
690.0
725.0
185.0
220.0
860.0
905.0
1135.0
1175.0
1145.0
1185.0
1155.0
1195.0
1165.0
1205.0
1175.0
1215.0
1185.0
1225.0
1195.0
1235.0
1085.0
1120.0
1090.0
1130.0
1100.0
1140.0
1110.0
1150.0
1120.0
1160.0
1130.0
1165.0
2090.0
2145.0
2115.0
2170.0
2140.0
2195.0
2065.0
2120.0
665.0
710.0
675.0
725.0
690.0
730.0
695.0
735.0
190.0
230.0
865.0
915.0
1140.0
1185.0
1150.0
1195.0
1160.0
1205.0
1170.0
1215.0
1180.0
1225.0
1190.0
1235.0
1200.0
1245.0
1090.0
1130.0
1095.0
1140.0
1105.0
1150.0
1115.0
1160.0
1125.0
1170.0
1135.0
1175.0
2095.0
2155.0
2120.0
2180.0
2145.0
2205.0
2070.0
2130.0
685.0
740.0
700.0
745.0
705.0
750.0
200.0
245.0
875.0
930.0
1150.0
1200.0
1160.0
1210.0
1170.0
1220.0
1180.0
1230.0
1190.0
1240.0
1200.0
1250.0
1210.0
1260.0
1100.0
1145.0
1105.0
1155.0
1115.0
1165.0
1125.0
1175.0
1135.0
1185.0
1145.0
1190.0
2105.0
2170.0
2130.0
2195.0
2155.0
2220.0
2080.0
2145.0
715.0
750.0
720.0
755.0
215.0
250.0
890.0
935.0
1165.0
1205.0
1175.0
1215.0
1185.0
1225.0
1195.0
1235.0
1205.0
1245.0
1215.0
1255.0
1225.0
1265.0
1115.0
1150.0
1120.0
1160.0
1130.0
1170.0
1140.0
1180.0
1150.0
1190.0
1160.0
1195.0
2120.0
2175.0
2145.0
2200.0
2170.0
2225.0
2095.0
2150.0
725.0
760.0
220.0
255.0
895.0
940.0
1170.0
1210.0
1180.0
1220.0
1190.0
1230.0
1200.0
1240.0
1210.0
1250.0
1220.0
1260.0
1230.0
1270.0
1120.0
1155.0
1125.0
1165.0
1135.0
1175.0
1145.0
1185.0
1155.0
1195.0
1165.0
1200.0
2125.0
2180.0
2150.0
2205.0
2175.0
2230.0
2100.0
2155.0
-285.0
-250.0
390.0
435.0
665.0
705.0
675.0
715.0
685.0
725.0
695.0
735.0
705.0
745.0
715.0
755.0
725.0
765.0
615.0
650.0
620.0
660.0
630.0
670.0
640.0
680.0
650.0
690.0
660.0
695.0
1620.0
1675.0
1645.0
1700.0
1670.0
1725.0
1595.0
1650.0
1065.0
1120.0
1340.0
1390.0
1350.0
1400.0
1360.0
1410.0
1370.0
1420.0
1380.0
1430.0
1390.0
1440.0
1400.0
1450.0
1290.0
1335.0
1295.0
1345.0
1305.0
1355.0
1315.0
1365.0
1325.0
1375.0
1335.0
1380.0
2295.0
2360.0
2320.0
2385.0
2345.0
2410.0
2270.0
2335.0
1615.0
1660.0
1625.0
1670.0
1635.0
1680.0
1645.0
1690.0
1655.0
1700.0
1665.0
1710.0
1675.0
1720.0
1565.0
1605.0
1570.0
1615.0
1580.0
1625.0
1590.0
1635.0
1600.0
1645.0
1610.0
1650.0
2570.0
2630.0
2595.0
2655.0
2620.0
2680.0
2545.0
2605.0
1635.0
1680.0
1645.0
1690.0
1655.0
1700.0
1665.0
1710.0
1675.0
1720.0
1685.0
1730.0
1575.0
1615.0
1580.0
1625.0
1590.0
1635.0
1600.0
1645.0
1610.0
1655.0
1620.0
1660.0
2580.0
2640.0
2605.0
2665.0
2630.0
2690.0
2555.0
2615.0
1655.0
1700.0
1665.0
1710.0
1675.0
1720.0
1685.0
1730.0
1695.0
1740.0
1585.0
1625.0
1590.0
1635.0
1600.0
1645.0
1610.0
1655.0
1620.0
1665.0
1630.0
1670.0
2590.0
2650.0
2615.0
2675.0
2640.0
2700.0
2565.0
2625.0
1675.0
1720.0
1685.0
1730.0
1695.0
1740.0
1705.0
1750.0
1595.0
1635.0
1600.0
1645.0
1610.0
1655.0
1620.0
1665.0
1630.0
1675.0
1640.0
1680.0
2600.0
2660.0
2625.0
2685.0
2650.0
2710.0
2575.0
2635.0
1695.0
1740.0
1705.0
1750.0
1715.0
1760.0
1605.0
1645.0
1610.0
1655.0
1620.0
1665.0
1630.0
1675.0
1640.0
1685.0
1650.0
1690.0
2610.0
2670.0
2635.0
2695.0
2660.0
2720.0
2585.0
2645.0
1715.0
1760.0
1725.0
1770.0
1615.0
1655.0
1620.0
1665.0
1630.0
1675.0
1640.0
1685.0
1650.0
1695.0
1660.0
1700.0
2620.0
2680.0
2645.0
2705.0
2670.0
2730.0
2595.0
2655.0
1735.0
1780.0
1625.0
1665.0
1630.0
1675.0
1640.0
1685.0
1650.0
1695.0
1660.0
1705.0
1670.0
1710.0
2630.0
2690.0
2655.0
2715.0
2680.0
2740.0
2605.0
2665.0
1515.0
1550.0
1520.0
1560.0
1530.0
1570.0
1540.0
1580.0
1550.0
1590.0
1560.0
1595.0
2520.0
2575.0
2545.0
2600.0
2570.0
2625.0
2495.0
2550.0
1525.0
1570.0
1535.0
1580.0
1545.0
1590.0
1555.0
1600.0
1565.0
1605.0
2525.0
2585.0
2550.0
2610.0
2575.0
2635.0
2500.0
2560.0
1545.0
1590.0
1555.0
1600.0
1565.0
1610.0
1575.0
1615.0
2535.0
2595.0
2560.0
2620.0
2585.0
2645.0
2510.0
2570.0
1565.0
1610.0
1575.0
1620.0
1585.0
1625.0
2545.0
2605.0
2570.0
2630.0
2595.0
2655.0
2520.0
2580.0
1585.0
1630.0
1595.0
1635.0
2555.0
2615.0
2580.0
2640.0
2605.0
2665.0
2530.0
2590.0
1605.0
1640.0
2565.0
2620.0
2590.0
2645.0
2615.0
2670.0
2540.0
2595.0
3525.0
3600.0
3550.0
3625.0
3575.0
3650.0
3500.0
3575.0
3575.0
3650.0
3600.0
3675.0
3525.0
3600.0
3625.0
3700.0
3550.0
3625.0
3475.0
3550.0
