-3581.0
-3544.0
-3587.0
-3550.0
-3593.0
-3556.0
-3569.0
-3532.0
-3575.0
-3538.0
-3598.0
-3562.0
-3603.0
-3567.0
-3713.0
-3667.0
-3727.0
-3685.0
-3737.0
-3696.0
-3738.5
-3706.0
-3741.0
-3707.5
-4782.0
-4746.0
-4787.0
-4751.0
-4792.0
-4756.0
-4797.0
-4761.0
-4802.0
-4766.0
-4807.0
-4771.0
-4812.0
-4776.0
-4817.0
-4781.0
-4822.0
-4786.0
-4827.0
-4791.0
-4832.0
-4796.0
-4837.0
-4801.0
-4842.0
-4806.0
-4967.0
-4926.0
-4972.0
-4936.0
-4977.0
-4941.0
-4982.0
-4946.0
-4987.0
-4951.0
-4992.0
-4956.0
-5002.0
-4961.0
-5017.0
-4971.0
-5022.0
-4986.0
-5027.0
-4991.0
-4522.0
-4486.0
-5207.0
-5161.0
-5477.0
-5436.0
-5487.0
-5446.0
-5497.0
-5456.0
-5507.0
-5466.0
-5517.0
-5476.0
-5527.0
-5486.0
-5537.0
-5496.0
-5422.0
-5386.0
-5432.0
-5391.0
-5442.0
-5401.0
-5452.0
-5411.0
-5462.0
-5421.0
-5467.0
-5431.0
-6447.0
-6391.0
-6472.0
-6416.0
-6497.0
-6441.0
-6422.0
-6366.0
-3581.0
-3544.0
-3587.0
-3550.0
-3563.0
-3526.0
-3569.0
-3532.0
-3592.0
-3556.0
-3597.0
-3561.0
-3707.0
-3661.0
-3721.0
-3679.0
-3731.0
-3690.0
-3732.5
-3700.0
-3735.0
-3701.5
-4776.0
-4740.0
-4781.0
-4745.0
-4786.0
-4750.0
-4791.0
-4755.0
-4796.0
-4760.0
-4801.0
-4765.0
-4806.0
-4770.0
-4811.0
-4775.0
-4816.0
-4780.0
-4821.0
-4785.0
-4826.0
-4790.0
-4831.0
-4795.0
-4836.0
-4800.0
-4961.0
-4920.0
-4966.0
-4930.0
-4971.0
-4935.0
-4976.0
-4940.0
-4981.0
-4945.0
-4986.0
-4950.0
-4996.0
-4955.0
-5011.0
-4965.0
-5016.0
-4980.0
-5021.0
-4985.0
-4516.0
-4480.0
-5201.0
-5155.0
-5471.0
-5430.0
-5481.0
-5440.0
-5491.0
-5450.0
-5501.0
-5460.0
-5511.0
-5470.0
-5521.0
-5480.0
-5531.0
-5490.0
-5416.0
-5380.0
-5426.0
-5385.0
-5436.0
-5395.0
-5446.0
-5405.0
-5456.0
-5415.0
-5461.0
-5425.0
-6441.0
-6385.0
-6466.0
-6410.0
-6491.0
-6435.0
-6416.0
-6360.0
-3581.0
-3544.0
-3557.0
-3520.0
-3563.0
-3526.0
-3586.0
-3550.0
-3591.0
-3555.0
-3701.0
-3655.0
-3715.0
-3673.0
-3725.0
-3684.0
-3726.5
-3694.0
-3729.0
-3695.5
-4770.0
-4734.0
-4775.0
-4739.0
-4780.0
-4744.0
-4785.0
-4749.0
-4790.0
-4754.0
-4795.0
-4759.0
-4800.0
-4764.0
-4805.0
-4769.0
-4810.0
-4774.0
-4815.0
-4779.0
-4820.0
-4784.0
-4825.0
-4789.0
-4830.0
-4794.0
-4955.0
-4914.0
-4960.0
-4924.0
-4965.0
-4929.0
-4970.0
-4934.0
-4975.0
-4939.0
-4980.0
-4944.0
-4990.0
-4949.0
-5005.0
-4959.0
-5010.0
-4974.0
-5015.0
-4979.0
-4510.0
-4474.0
-5195.0
-5149.0
-5465.0
-5424.0
-5475.0
-5434.0
-5485.0
-5444.0
-5495.0
-5454.0
-5505.0
-5464.0
-5515.0
-5474.0
-5525.0
-5484.0
-5410.0
-5374.0
-5420.0
-5379.0
-5430.0
-5389.0
-5440.0
-5399.0
-5450.0
-5409.0
-5455.0
-5419.0
-6435.0
-6379.0
-6460.0
-6404.0
-6485.0
-6429.0
-6410.0
-6354.0
-3581.0
-3544.0
-3587.0
-3550.0
-3610.0
-3574.0
-3615.0
-3579.0
-3725.0
-3679.0
-3739.0
-3697.0
-3749.0
-3708.0
-3750.5
-3718.0
-3753.0
-3719.5
-4794.0
-4758.0
-4799.0
-4763.0
-4804.0
-4768.0
-4809.0
-4773.0
-4814.0
-4778.0
-4819.0
-4783.0
-4824.0
-4788.0
-4829.0
-4793.0
-4834.0
-4798.0
-4839.0
-4803.0
-4844.0
-4808.0
-4849.0
-4813.0
-4854.0
-4818.0
-4979.0
-4938.0
-4984.0
-4948.0
-4989.0
-4953.0
-4994.0
-4958.0
-4999.0
-4963.0
-5004.0
-4968.0
-5014.0
-4973.0
-5029.0
-4983.0
-5034.0
-4998.0
-5039.0
-5003.0
-4534.0
-4498.0
-5219.0
-5173.0
-5489.0
-5448.0
-5499.0
-5458.0
-5509.0
-5468.0
-5519.0
-5478.0
-5529.0
-5488.0
-5539.0
-5498.0
-5549.0
-5508.0
-5434.0
-5398.0
-5444.0
-5403.0
-5454.0
-5413.0
-5464.0
-5423.0
-5474.0
-5433.0
-5479.0
-5443.0
-6459.0
-6403.0
-6484.0
-6428.0
-6509.0
-6453.0
-6434.0
-6378.0
-3581.0
-3544.0
-3604.0
-3568.0
-3609.0
-3573.0
-3719.0
-3673.0
-3733.0
-3691.0
-3743.0
-3702.0
-3744.5
-3712.0
-3747.0
-3713.5
-4788.0
-4752.0
-4793.0
-4757.0
-4798.0
-4762.0
-4803.0
-4767.0
-4808.0
-4772.0
-4813.0
-4777.0
-4818.0
-4782.0
-4823.0
-4787.0
-4828.0
-4792.0
-4833.0
-4797.0
-4838.0
-4802.0
-4843.0
-4807.0
-4848.0
-4812.0
-4973.0
-4932.0
-4978.0
-4942.0
-4983.0
-4947.0
-4988.0
-4952.0
-4993.0
-4957.0
-4998.0
-4962.0
-5008.0
-4967.0
-5023.0
-4977.0
-5028.0
-4992.0
-5033.0
-4997.0
-4528.0
-4492.0
-5213.0
-5167.0
-5483.0
-5442.0
-5493.0
-5452.0
-5503.0
-5462.0
-5513.0
-5472.0
-5523.0
-5482.0
-5533.0
-5492.0
-5543.0
-5502.0
-5428.0
-5392.0
-5438.0
-5397.0
-5448.0
-5407.0
-5458.0
-5417.0
-5468.0
-5427.0
-5473.0
-5437.0
-6453.0
-6397.0
-6478.0
-6422.0
-6503.0
-6447.0
-6428.0
-6372.0
-3580.0
-3545.0
-3585.0
-3550.0
-3695.0
-3650.0
-3709.0
-3668.0
-3719.0
-3679.0
-3720.5
-3689.0
-3723.0
-3690.5
-4764.0
-4729.0
-4769.0
-4734.0
-4774.0
-4739.0
-4779.0
-4744.0
-4784.0
-4749.0
-4789.0
-4754.0
-4794.0
-4759.0
-4799.0
-4764.0
-4804.0
-4769.0
-4809.0
-4774.0
-4814.0
-4779.0
-4819.0
-4784.0
-4824.0
-4789.0
-4949.0
-4909.0
-4954.0
-4919.0
-4959.0
-4924.0
-4964.0
-4929.0
-4969.0
-4934.0
-4974.0
-4939.0
-4984.0
-4944.0
-4999.0
-4954.0
-5004.0
-4969.0
-5009.0
-4974.0
-4504.0
-4469.0
-5189.0
-5144.0
-5459.0
-5419.0
-5469.0
-5429.0
-5479.0
-5439.0
-5489.0
-5449.0
-5499.0
-5459.0
-5509.0
-5469.0
-5519.0
-5479.0
-5404.0
-5369.0
-5414.0
-5374.0
-5424.0
-5384.0
-5434.0
-5394.0
-5444.0
-5404.0
-5449.0
-5414.0
-6429.0
-6374.0
-6454.0
-6399.0
-6479.0
-6424.0
-6404.0
-6349.0
-3580.0
-3545.0
-3690.0
-3645.0
-3704.0
-3663.0
-3714.0
-3674.0
-3715.5
-3684.0
-3718.0
-3685.5
-4759.0
-4724.0
-4764.0
-4729.0
-4769.0
-4734.0
-4774.0
-4739.0
-4779.0
-4744.0
-4784.0
-4749.0
-4789.0
-4754.0
-4794.0
-4759.0
-4799.0
-4764.0
-4804.0
-4769.0
-4809.0
-4774.0
-4814.0
-4779.0
-4819.0
-4784.0
-4944.0
-4904.0
-4949.0
-4914.0
-4954.0
-4919.0
-4959.0
-4924.0
-4964.0
-4929.0
-4969.0
-4934.0
-4979.0
-4939.0
-4994.0
-4949.0
-4999.0
-4964.0
-5004.0
-4969.0
-4499.0
-4464.0
-5184.0
-5139.0
-5454.0
-5414.0
-5464.0
-5424.0
-5474.0
-5434.0
-5484.0
-5444.0
-5494.0
-5454.0
-5504.0
-5464.0
-5514.0
-5474.0
-5399.0
-5364.0
-5409.0
-5369.0
-5419.0
-5379.0
-5429.0
-5389.0
-5439.0
-5399.0
-5444.0
-5409.0
-6424.0
-6369.0
-6449.0
-6394.0
-6474.0
-6419.0
-6399.0
-6344.0
-3590.0
-3535.0
-3604.0
-3553.0
-3614.0
-3564.0
-3615.5
-3574.0
-3618.0
-3575.5
-4659.0
-4614.0
-4664.0
-4619.0
-4669.0
-4624.0
-4674.0
-4629.0
-4679.0
-4634.0
-4684.0
-4639.0
-4689.0
-4644.0
-4694.0
-4649.0
-4699.0
-4654.0
-4704.0
-4659.0
-4709.0
-4664.0
-4714.0
-4669.0
-4719.0
-4674.0
-4844.0
-4794.0
-4849.0
-4804.0
-4854.0
-4809.0
-4859.0
-4814.0
-4864.0
-4819.0
-4869.0
-4824.0
-4879.0
-4829.0
-4894.0
-4839.0
-4899.0
-4854.0
-4904.0
-4859.0
-4399.0
-4354.0
-5084.0
-5029.0
-5354.0
-5304.0
-5364.0
-5314.0
-5374.0
-5324.0
-5384.0
-5334.0
-5394.0
-5344.0
-5404.0
-5354.0
-5414.0
-5364.0
-5299.0
-5254.0
-5309.0
-5259.0
-5319.0
-5269.0
-5329.0
-5279.0
-5339.0
-5289.0
-5344.0
-5299.0
-6324.0
-6259.0
-6349.0
-6284.0
-6374.0
-6309.0
-6299.0
-6234.0
-3586.0
-3539.0
-3596.0
-3550.0
-3597.5
-3560.0
-3600.0
-3561.5
-4641.0
-4600.0
-4646.0
-4605.0
-4651.0
-4610.0
-4656.0
-4615.0
-4661.0
-4620.0
-4666.0
-4625.0
-4671.0
-4630.0
-4676.0
-4635.0
-4681.0
-4640.0
-4686.0
-4645.0
-4691.0
-4650.0
-4696.0
-4655.0
-4701.0
-4660.0
-4826.0
-4780.0
-4831.0
-4790.0
-4836.0
-4795.0
-4841.0
-4800.0
-4846.0
-4805.0
-4851.0
-4810.0
-4861.0
-4815.0
-4876.0
-4825.0
-4881.0
-4840.0
-4886.0
-4845.0
-4381.0
-4340.0
-5066.0
-5015.0
-5336.0
-5290.0
-5346.0
-5300.0
-5356.0
-5310.0
-5366.0
-5320.0
-5376.0
-5330.0
-5386.0
-5340.0
-5396.0
-5350.0
-5281.0
-5240.0
-5291.0
-5245.0
-5301.0
-5255.0
-5311.0
-5265.0
-5321.0
-5275.0
-5326.0
-5285.0
-6306.0
-6245.0
-6331.0
-6270.0
-6356.0
-6295.0
-6281.0
-6220.0
-3585.0
-3540.0
-3586.5
-3550.0
-3589.0
-3551.5
-4630.0
-4590.0
-4635.0
-4595.0
-4640.0
-4600.0
-4645.0
-4605.0
-4650.0
-4610.0
-4655.0
-4615.0
-4660.0
-4620.0
-4665.0
-4625.0
-4670.0
-4630.0
-4675.0
-4635.0
-4680.0
-4640.0
-4685.0
-4645.0
-4690.0
-4650.0
-4815.0
-4770.0
-4820.0
-4780.0
-4825.0
-4785.0
-4830.0
-4790.0
-4835.0
-4795.0
-4840.0
-4800.0
-4850.0
-4805.0
-4865.0
-4815.0
-4870.0
-4830.0
-4875.0
-4835.0
-4370.0
-4330.0
-5055.0
-5005.0
-5325.0
-5280.0
-5335.0
-5290.0
-5345.0
-5300.0
-5355.0
-5310.0
-5365.0
-5320.0
-5375.0
-5330.0
-5385.0
-5340.0
-5270.0
-5230.0
-5280.0
-5235.0
-5290.0
-5245.0
-5300.0
-5255.0
-5310.0
-5265.0
-5315.0
-5275.0
-6295.0
-6235.0
-6320.0
-6260.0
-6345.0
-6285.0
-6270.0
-6210.0
-3576.5
-3548.5
-3579.0
-3550.0
-4620.0
-4588.5
-4625.0
-4593.5
-4630.0
-4598.5
-4635.0
-4603.5
-4640.0
-4608.5
-4645.0
-4613.5
-4650.0
-4618.5
-4655.0
-4623.5
-4660.0
-4628.5
-4665.0
-4633.5
-4670.0
-4638.5
-4675.0
-4643.5
-4680.0
-4648.5
-4805.0
-4768.5
-4810.0
-4778.5
-4815.0
-4783.5
-4820.0
-4788.5
-4825.0
-4793.5
-4830.0
-4798.5
-4840.0
-4803.5
-4855.0
-4813.5
-4860.0
-4828.5
-4865.0
-4833.5
-4360.0
-4328.5
-5045.0
-5003.5
-5315.0
-5278.5
-5325.0
-5288.5
-5335.0
-5298.5
-5345.0
-5308.5
-5355.0
-5318.5
-5365.0
-5328.5
-5375.0
-5338.5
-5260.0
-5228.5
-5270.0
-5233.5
-5280.0
-5243.5
-5290.0
-5253.5
-5300.0
-5263.5
-5305.0
-5273.5
-6285.0
-6233.5
-6310.0
-6258.5
-6335.0
-6283.5
-6260.0
-6208.5
-3577.5
-3547.5
-4618.5
-4586.0
-4623.5
-4591.0
-4628.5
-4596.0
-4633.5
-4601.0
-4638.5
-4606.0
-4643.5
-4611.0
-4648.5
-4616.0
-4653.5
-4621.0
-4658.5
-4626.0
-4663.5
-4631.0
-4668.5
-4636.0
-4673.5
-4641.0
-4678.5
-4646.0
-4803.5
-4766.0
-4808.5
-4776.0
-4813.5
-4781.0
-4818.5
-4786.0
-4823.5
-4791.0
-4828.5
-4796.0
-4838.5
-4801.0
-4853.5
-4811.0
-4858.5
-4826.0
-4863.5
-4831.0
-4358.5
-4326.0
-5043.5
-5001.0
-5313.5
-5276.0
-5323.5
-5286.0
-5333.5
-5296.0
-5343.5
-5306.0
-5353.5
-5316.0
-5363.5
-5326.0
-5373.5
-5336.0
-5258.5
-5226.0
-5268.5
-5231.0
-5278.5
-5241.0
-5288.5
-5251.0
-5298.5
-5261.0
-5303.5
-5271.0
-6283.5
-6231.0
-6308.5
-6256.0
-6333.5
-6281.0
-6258.5
-6206.0
-3580.0
-3545.0
-3585.0
-3550.0
-3590.0
-3555.0
-3595.0
-3560.0
-3600.0
-3565.0
-3605.0
-3570.0
-3610.0
-3575.0
-3615.0
-3580.0
-3620.0
-3585.0
-3625.0
-3590.0
-3630.0
-3595.0
-3635.0
-3600.0
-3640.0
-3605.0
-3765.0
-3725.0
-3770.0
-3735.0
-3775.0
-3740.0
-3780.0
-3745.0
-3785.0
-3750.0
-3790.0
-3755.0
-3800.0
-3760.0
-3815.0
-3770.0
-3820.0
-3785.0
-3825.0
-3790.0
-3320.0
-3285.0
-4005.0
-3960.0
-4275.0
-4235.0
-4285.0
-4245.0
-4295.0
-4255.0
-4305.0
-4265.0
-4315.0
-4275.0
-4325.0
-4285.0
-4335.0
-4295.0
-4220.0
-4185.0
-4230.0
-4190.0
-4240.0
-4200.0
-4250.0
-4210.0
-4260.0
-4220.0
-4265.0
-4230.0
-5245.0
-5190.0
-5270.0
-5215.0
-5295.0
-5240.0
-5220.0
-5165.0
-3580.0
-3545.0
-3585.0
-3550.0
-3590.0
-3555.0
-3595.0
-3560.0
-3600.0
-3565.0
-3605.0
-3570.0
-3610.0
-3575.0
-3615.0
-3580.0
-3620.0
-3585.0
-3625.0
-3590.0
-3630.0
-3595.0
-3635.0
-3600.0
-3760.0
-3720.0
-3765.0
-3730.0
-3770.0
-3735.0
-3775.0
-3740.0
-3780.0
-3745.0
-3785.0
-3750.0
-3795.0
-3755.0
-3810.0
-3765.0
-3815.0
-3780.0
-3820.0
-3785.0
-3315.0
-3280.0
-4000.0
-3955.0
-4270.0
-4230.0
-4280.0
-4240.0
-4290.0
-4250.0
-4300.0
-4260.0
-4310.0
-4270.0
-4320.0
-4280.0
-4330.0
-4290.0
-4215.0
-4180.0
-4225.0
-4185.0
-4235.0
-4195.0
-4245.0
-4205.0
-4255.0
-4215.0
-4260.0
-4225.0
-5240.0
-5185.0
-5265.0
-5210.0
-5290.0
-5235.0
-5215.0
-5160.0
-3580.0
-3545.0
-3585.0
-3550.0
-3590.0
-3555.0
-3595.0
-3560.0
-3600.0
-3565.0
-3605.0
-3570.0
-3610.0
-3575.0
-3615.0
-3580.0
-3620.0
-3585.0
-3625.0
-3590.0
-3630.0
-3595.0
-3755.0
-3715.0
-3760.0
-3725.0
-3765.0
-3730.0
-3770.0
-3735.0
-3775.0
-3740.0
-3780.0
-3745.0
-3790.0
-3750.0
-3805.0
-3760.0
-3810.0
-3775.0
-3815.0
-3780.0
-3310.0
-3275.0
-3995.0
-3950.0
-4265.0
-4225.0
-4275.0
-4235.0
-4285.0
-4245.0
-4295.0
-4255.0
-4305.0
-4265.0
-4315.0
-4275.0
-4325.0
-4285.0
-4210.0
-4175.0
-4220.0
-4180.0
-4230.0
-4190.0
-4240.0
-4200.0
-4250.0
-4210.0
-4255.0
-4220.0
-5235.0
-5180.0
-5260.0
-5205.0
-5285.0
-5230.0
-5210.0
-5155.0
-3580.0
-3545.0
-3585.0
-3550.0
-3590.0
-3555.0
-3595.0
-3560.0
-3600.0
-3565.0
-3605.0
-3570.0
-3610.0
-3575.0
-3615.0
-3580.0
-3620.0
-3585.0
-3625.0
-3590.0
-3750.0
-3710.0
-3755.0
-3720.0
-3760.0
-3725.0
-3765.0
-3730.0
-3770.0
-3735.0
-3775.0
-3740.0
-3785.0
-3745.0
-3800.0
-3755.0
-3805.0
-3770.0
-3810.0
-3775.0
-3305.0
-3270.0
-3990.0
-3945.0
-4260.0
-4220.0
-4270.0
-4230.0
-4280.0
-4240.0
-4290.0
-4250.0
-4300.0
-4260.0
-4310.0
-4270.0
-4320.0
-4280.0
-4205.0
-4170.0
-4215.0
-4175.0
-4225.0
-4185.0
-4235.0
-4195.0
-4245.0
-4205.0
-4250.0
-4215.0
-5230.0
-5175.0
-5255.0
-5200.0
-5280.0
-5225.0
-5205.0
-5150.0
-3580.0
-3545.0
-3585.0
-3550.0
-3590.0
-3555.0
-3595.0
-3560.0
-3600.0
-3565.0
-3605.0
-3570.0
-3610.0
-3575.0
-3615.0
-3580.0
-3620.0
-3585.0
-3745.0
-3705.0
-3750.0
-3715.0
-3755.0
-3720.0
-3760.0
-3725.0
-3765.0
-3730.0
-3770.0
-3735.0
-3780.0
-3740.0
-3795.0
-3750.0
-3800.0
-3765.0
-3805.0
-3770.0
-3300.0
-3265.0
-3985.0
-3940.0
-4255.0
-4215.0
-4265.0
-4225.0
-4275.0
-4235.0
-4285.0
-4245.0
-4295.0
-4255.0
-4305.0
-4265.0
-4315.0
-4275.0
-4200.0
-4165.0
-4210.0
-4170.0
-4220.0
-4180.0
-4230.0
-4190.0
-4240.0
-4200.0
-4245.0
-4210.0
-5225.0
-5170.0
-5250.0
-5195.0
-5275.0
-5220.0
-5200.0
-5145.0
-3580.0
-3545.0
-3585.0
-3550.0
-3590.0
-3555.0
-3595.0
-3560.0
-3600.0
-3565.0
-3605.0
-3570.0
-3610.0
-3575.0
-3615.0
-3580.0
-3740.0
-3700.0
-3745.0
-3710.0
-3750.0
-3715.0
-3755.0
-3720.0
-3760.0
-3725.0
-3765.0
-3730.0
-3775.0
-3735.0
-3790.0
-3745.0
-3795.0
-3760.0
-3800.0
-3765.0
-3295.0
-3260.0
-3980.0
-3935.0
-4250.0
-4210.0
-4260.0
-4220.0
-4270.0
-4230.0
-4280.0
-4240.0
-4290.0
-4250.0
-4300.0
-4260.0
-4310.0
-4270.0
-4195.0
-4160.0
-4205.0
-4165.0
-4215.0
-4175.0
-4225.0
-4185.0
-4235.0
-4195.0
-4240.0
-4205.0
-5220.0
-5165.0
-5245.0
-5190.0
-5270.0
-5215.0
-5195.0
-5140.0
-3580.0
-3545.0
-3585.0
-3550.0
-3590.0
-3555.0
-3595.0
-3560.0
-3600.0
-3565.0
-3605.0
-3570.0
-3610.0
-3575.0
-3735.0
-3695.0
-3740.0
-3705.0
-3745.0
-3710.0
-3750.0
-3715.0
-3755.0
-3720.0
-3760.0
-3725.0
-3770.0
-3730.0
-3785.0
-3740.0
-3790.0
-3755.0
-3795.0
-3760.0
-3290.0
-3255.0
-3975.0
-3930.0
-4245.0
-4205.0
-4255.0
-4215.0
-4265.0
-4225.0
-4275.0
-4235.0
-4285.0
-4245.0
-4295.0
-4255.0
-4305.0
-4265.0
-4190.0
-4155.0
-4200.0
-4160.0
-4210.0
-4170.0
-4220.0
-4180.0
-4230.0
-4190.0
-4235.0
-4200.0
-5215.0
-5160.0
-5240.0
-5185.0
-5265.0
-5210.0
-5190.0
-5135.0
-3580.0
-3545.0
-3585.0
-3550.0
-3590.0
-3555.0
-3595.0
-3560.0
-3600.0
-3565.0
-3605.0
-3570.0
-3730.0
-3690.0
-3735.0
-3700.0
-3740.0
-3705.0
-3745.0
-3710.0
-3750.0
-3715.0
-3755.0
-3720.0
-3765.0
-3725.0
-3780.0
-3735.0
-3785.0
-3750.0
-3790.0
-3755.0
-3285.0
-3250.0
-3970.0
-3925.0
-4240.0
-4200.0
-4250.0
-4210.0
-4260.0
-4220.0
-4270.0
-4230.0
-4280.0
-4240.0
-4290.0
-4250.0
-4300.0
-4260.0
-4185.0
-4150.0
-4195.0
-4155.0
-4205.0
-4165.0
-4215.0
-4175.0
-4225.0
-4185.0
-4230.0
-4195.0
-5210.0
-5155.0
-5235.0
-5180.0
-5260.0
-5205.0
-5185.0
-5130.0
-3580.0
-3545.0
-3585.0
-3550.0
-3590.0
-3555.0
-3595.0
-3560.0
-3600.0
-3565.0
-3725.0
-3685.0
-3730.0
-3695.0
-3735.0
-3700.0
-3740.0
-3705.0
-3745.0
-3710.0
-3750.0
-3715.0
-3760.0
-3720.0
-3775.0
-3730.0
-3780.0
-3745.0
-3785.0
-3750.0
-3280.0
-3245.0
-3965.0
-3920.0
-4235.0
-4195.0
-4245.0
-4205.0
-4255.0
-4215.0
-4265.0
-4225.0
-4275.0
-4235.0
-4285.0
-4245.0
-4295.0
-4255.0
-4180.0
-4145.0
-4190.0
-4150.0
-4200.0
-4160.0
-4210.0
-4170.0
-4220.0
-4180.0
-4225.0
-4190.0
-5205.0
-5150.0
-5230.0
-5175.0
-5255.0
-5200.0
-5180.0
-5125.0
-3580.0
-3545.0
-3585.0
-3550.0
-3590.0
-3555.0
-3595.0
-3560.0
-3720.0
-3680.0
-3725.0
-3690.0
-3730.0
-3695.0
-3735.0
-3700.0
-3740.0
-3705.0
-3745.0
-3710.0
-3755.0
-3715.0
-3770.0
-3725.0
-3775.0
-3740.0
-3780.0
-3745.0
-3275.0
-3240.0
-3960.0
-3915.0
-4230.0
-4190.0
-4240.0
-4200.0
-4250.0
-4210.0
-4260.0
-4220.0
-4270.0
-4230.0
-4280.0
-4240.0
-4290.0
-4250.0
-4175.0
-4140.0
-4185.0
-4145.0
-4195.0
-4155.0
-4205.0
-4165.0
-4215.0
-4175.0
-4220.0
-4185.0
-5200.0
-5145.0
-5225.0
-5170.0
-5250.0
-5195.0
-5175.0
-5120.0
-3580.0
-3545.0
-3585.0
-3550.0
-3590.0
-3555.0
-3715.0
-3675.0
-3720.0
-3685.0
-3725.0
-3690.0
-3730.0
-3695.0
-3735.0
-3700.0
-3740.0
-3705.0
-3750.0
-3710.0
-3765.0
-3720.0
-3770.0
-3735.0
-3775.0
-3740.0
-3270.0
-3235.0
-3955.0
-3910.0
-4225.0
-4185.0
-4235.0
-4195.0
-4245.0
-4205.0
-4255.0
-4215.0
-4265.0
-4225.0
-4275.0
-4235.0
-4285.0
-4245.0
-4170.0
-4135.0
-4180.0
-4140.0
-4190.0
-4150.0
-4200.0
-4160.0
-4210.0
-4170.0
-4215.0
-4180.0
-5195.0
-5140.0
-5220.0
-5165.0
-5245.0
-5190.0
-5170.0
-5115.0
-3580.0
-3545.0
-3585.0
-3550.0
-3710.0
-3670.0
-3715.0
-3680.0
-3720.0
-3685.0
-3725.0
-3690.0
-3730.0
-3695.0
-3735.0
-3700.0
-3745.0
-3705.0
-3760.0
-3715.0
-3765.0
-3730.0
-3770.0
-3735.0
-3265.0
-3230.0
-3950.0
-3905.0
-4220.0
-4180.0
-4230.0
-4190.0
-4240.0
-4200.0
-4250.0
-4210.0
-4260.0
-4220.0
-4270.0
-4230.0
-4280.0
-4240.0
-4165.0
-4130.0
-4175.0
-4135.0
-4185.0
-4145.0
-4195.0
-4155.0
-4205.0
-4165.0
-4210.0
-4175.0
-5190.0
-5135.0
-5215.0
-5160.0
-5240.0
-5185.0
-5165.0
-5110.0
-3580.0
-3545.0
-3705.0
-3665.0
-3710.0
-3675.0
-3715.0
-3680.0
-3720.0
-3685.0
-3725.0
-3690.0
-3730.0
-3695.0
-3740.0
-3700.0
-3755.0
-3710.0
-3760.0
-3725.0
-3765.0
-3730.0
-3260.0
-3225.0
-3945.0
-3900.0
-4215.0
-4175.0
-4225.0
-4185.0
-4235.0
-4195.0
-4245.0
-4205.0
-4255.0
-4215.0
-4265.0
-4225.0
-4275.0
-4235.0
-4160.0
-4125.0
-4170.0
-4130.0
-4180.0
-4140.0
-4190.0
-4150.0
-4200.0
-4160.0
-4205.0
-4170.0
-5185.0
-5130.0
-5210.0
-5155.0
-5235.0
-5180.0
-5160.0
-5105.0
-3585.0
-3540.0
-3590.0
-3550.0
-3595.0
-3555.0
-3600.0
-3560.0
-3605.0
-3565.0
-3610.0
-3570.0
-3620.0
-3575.0
-3635.0
-3585.0
-3640.0
-3600.0
-3645.0
-3605.0
-3140.0
-3100.0
-3825.0
-3775.0
-4095.0
-4050.0
-4105.0
-4060.0
-4115.0
-4070.0
-4125.0
-4080.0
-4135.0
-4090.0
-4145.0
-4100.0
-4155.0
-4110.0
-4040.0
-4000.0
-4050.0
-4005.0
-4060.0
-4015.0
-4070.0
-4025.0
-4080.0
-4035.0
-4085.0
-4045.0
-5065.0
-5005.0
-5090.0
-5030.0
-5115.0
-5055.0
-5040.0
-4980.0
-3580.0
-3545.0
-3585.0
-3550.0
-3590.0
-3555.0
-3595.0
-3560.0
-3600.0
-3565.0
-3610.0
-3570.0
-3625.0
-3580.0
-3630.0
-3595.0
-3635.0
-3600.0
-3130.0
-3095.0
-3815.0
-3770.0
-4085.0
-4045.0
-4095.0
-4055.0
-4105.0
-4065.0
-4115.0
-4075.0
-4125.0
-4085.0
-4135.0
-4095.0
-4145.0
-4105.0
-4030.0
-3995.0
-4040.0
-4000.0
-4050.0
-4010.0
-4060.0
-4020.0
-4070.0
-4030.0
-4075.0
-4040.0
-5055.0
-5000.0
-5080.0
-5025.0
-5105.0
-5050.0
-5030.0
-4975.0
-3580.0
-3545.0
-3585.0
-3550.0
-3590.0
-3555.0
-3595.0
-3560.0
-3605.0
-3565.0
-3620.0
-3575.0
-3625.0
-3590.0
-3630.0
-3595.0
-3125.0
-3090.0
-3810.0
-3765.0
-4080.0
-4040.0
-4090.0
-4050.0
-4100.0
-4060.0
-4110.0
-4070.0
-4120.0
-4080.0
-4130.0
-4090.0
-4140.0
-4100.0
-4025.0
-3990.0
-4035.0
-3995.0
-4045.0
-4005.0
-4055.0
-4015.0
-4065.0
-4025.0
-4070.0
-4035.0
-5050.0
-4995.0
-5075.0
-5020.0
-5100.0
-5045.0
-5025.0
-4970.0
-3580.0
-3545.0
-3585.0
-3550.0
-3590.0
-3555.0
-3600.0
-3560.0
-3615.0
-3570.0
-3620.0
-3585.0
-3625.0
-3590.0
-3120.0
-3085.0
-3805.0
-3760.0
-4075.0
-4035.0
-4085.0
-4045.0
-4095.0
-4055.0
-4105.0
-4065.0
-4115.0
-4075.0
-4125.0
-4085.0
-4135.0
-4095.0
-4020.0
-3985.0
-4030.0
-3990.0
-4040.0
-4000.0
-4050.0
-4010.0
-4060.0
-4020.0
-4065.0
-4030.0
-5045.0
-4990.0
-5070.0
-5015.0
-5095.0
-5040.0
-5020.0
-4965.0
-3580.0
-3545.0
-3585.0
-3550.0
-3595.0
-3555.0
-3610.0
-3565.0
-3615.0
-3580.0
-3620.0
-3585.0
-3115.0
-3080.0
-3800.0
-3755.0
-4070.0
-4030.0
-4080.0
-4040.0
-4090.0
-4050.0
-4100.0
-4060.0
-4110.0
-4070.0
-4120.0
-4080.0
-4130.0
-4090.0
-4015.0
-3980.0
-4025.0
-3985.0
-4035.0
-3995.0
-4045.0
-4005.0
-4055.0
-4015.0
-4060.0
-4025.0
-5040.0
-4985.0
-5065.0
-5010.0
-5090.0
-5035.0
-5015.0
-4960.0
-3580.0
-3545.0
-3590.0
-3550.0
-3605.0
-3560.0
-3610.0
-3575.0
-3615.0
-3580.0
-3110.0
-3075.0
-3795.0
-3750.0
-4065.0
-4025.0
-4075.0
-4035.0
-4085.0
-4045.0
-4095.0
-4055.0
-4105.0
-4065.0
-4115.0
-4075.0
-4125.0
-4085.0
-4010.0
-3975.0
-4020.0
-3980.0
-4030.0
-3990.0
-4040.0
-4000.0
-4050.0
-4010.0
-4055.0
-4020.0
-5035.0
-4980.0
-5060.0
-5005.0
-5085.0
-5030.0
-5010.0
-4955.0
-3585.0
-3540.0
-3600.0
-3550.0
-3605.0
-3565.0
-3610.0
-3570.0
-3105.0
-3065.0
-3790.0
-3740.0
-4060.0
-4015.0
-4070.0
-4025.0
-4080.0
-4035.0
-4090.0
-4045.0
-4100.0
-4055.0
-4110.0
-4065.0
-4120.0
-4075.0
-4005.0
-3965.0
-4015.0
-3970.0
-4025.0
-3980.0
-4035.0
-3990.0
-4045.0
-4000.0
-4050.0
-4010.0
-5030.0
-4970.0
-5055.0
-4995.0
-5080.0
-5020.0
-5005.0
-4945.0
-3590.0
-3535.0
-3595.0
-3550.0
-3600.0
-3555.0
-3095.0
-3050.0
-3780.0
-3725.0
-4050.0
-4000.0
-4060.0
-4010.0
-4070.0
-4020.0
-4080.0
-4030.0
-4090.0
-4040.0
-4100.0
-4050.0
-4110.0
-4060.0
-3995.0
-3950.0
-4005.0
-3955.0
-4015.0
-3965.0
-4025.0
-3975.0
-4035.0
-3985.0
-4040.0
-3995.0
-5020.0
-4955.0
-5045.0
-4980.0
-5070.0
-5005.0
-4995.0
-4930.0
-3580.0
-3545.0
-3585.0
-3550.0
-3080.0
-3045.0
-3765.0
-3720.0
-4035.0
-3995.0
-4045.0
-4005.0
-4055.0
-4015.0
-4065.0
-4025.0
-4075.0
-4035.0
-4085.0
-4045.0
-4095.0
-4055.0
-3980.0
-3945.0
-3990.0
-3950.0
-4000.0
-3960.0
-4010.0
-3970.0
-4020.0
-3980.0
-4025.0
-3990.0
-5005.0
-4950.0
-5030.0
-4975.0
-5055.0
-5000.0
-4980.0
-4925.0
-3580.0
-3545.0
-3075.0
-3040.0
-3760.0
-3715.0
-4030.0
-3990.0
-4040.0
-4000.0
-4050.0
-4010.0
-4060.0
-4020.0
-4070.0
-4030.0
-4080.0
-4040.0
-4090.0
-4050.0
-3975.0
-3940.0
-3985.0
-3945.0
-3995.0
-3955.0
-4005.0
-3965.0
-4015.0
-3975.0
-4020.0
-3985.0
-5000.0
-4945.0
-5025.0
-4970.0
-5050.0
-4995.0
-4975.0
-4920.0
-3580.0
-3545.0
-4265.0
-4220.0
-4535.0
-4495.0
-4545.0
-4505.0
-4555.0
-4515.0
-4565.0
-4525.0
-4575.0
-4535.0
-4585.0
-4545.0
-4595.0
-4555.0
-4480.0
-4445.0
-4490.0
-4450.0
-4500.0
-4460.0
-4510.0
-4470.0
-4520.0
-4480.0
-4525.0
-4490.0
-5505.0
-5450.0
-5530.0
-5475.0
-5555.0
-5500.0
-5480.0
-5425.0
-3590.0
-3535.0
-3860.0
-3810.0
-3870.0
-3820.0
-3880.0
-3830.0
-3890.0
-3840.0
-3900.0
-3850.0
-3910.0
-3860.0
-3920.0
-3870.0
-3805.0
-3760.0
-3815.0
-3765.0
-3825.0
-3775.0
-3835.0
-3785.0
-3845.0
-3795.0
-3850.0
-3805.0
-4830.0
-4765.0
-4855.0
-4790.0
-4880.0
-4815.0
-4805.0
-4740.0
-3585.0
-3540.0
-3595.0
-3550.0
-3605.0
-3560.0
-3615.0
-3570.0
-3625.0
-3580.0
-3635.0
-3590.0
-3645.0
-3600.0
-3530.0
-3490.0
-3540.0
-3495.0
-3550.0
-3505.0
-3560.0
-3515.0
-3570.0
-3525.0
-3575.0
-3535.0
-4555.0
-4495.0
-4580.0
-4520.0
-4605.0
-4545.0
-4530.0
-4470.0
-3585.0
-3540.0
-3595.0
-3550.0
-3605.0
-3560.0
-3615.0
-3570.0
-3625.0
-3580.0
-3635.0
-3590.0
-3520.0
-3480.0
-3530.0
-3485.0
-3540.0
-3495.0
-3550.0
-3505.0
-3560.0
-3515.0
-3565.0
-3525.0
-4545.0
-4485.0
-4570.0
-4510.0
-4595.0
-4535.0
-4520.0
-4460.0
-3585.0
-3540.0
-3595.0
-3550.0
-3605.0
-3560.0
-3615.0
-3570.0
-3625.0
-3580.0
-3510.0
-3470.0
-3520.0
-3475.0
-3530.0
-3485.0
-3540.0
-3495.0
-3550.0
-3505.0
-3555.0
-3515.0
-4535.0
-4475.0
-4560.0
-4500.0
-4585.0
-4525.0
-4510.0
-4450.0
-3585.0
-3540.0
-3595.0
-3550.0
-3605.0
-3560.0
-3615.0
-3570.0
-3500.0
-3460.0
-3510.0
-3465.0
-3520.0
-3475.0
-3530.0
-3485.0
-3540.0
-3495.0
-3545.0
-3505.0
-4525.0
-4465.0
-4550.0
-4490.0
-4575.0
-4515.0
-4500.0
-4440.0
-3585.0
-3540.0
-3595.0
-3550.0
-3605.0
-3560.0
-3490.0
-3450.0
-3500.0
-3455.0
-3510.0
-3465.0
-3520.0
-3475.0
-3530.0
-3485.0
-3535.0
-3495.0
-4515.0
-4455.0
-4540.0
-4480.0
-4565.0
-4505.0
-4490.0
-4430.0
-3585.0
-3540.0
-3595.0
-3550.0
-3480.0
-3440.0
-3490.0
-3445.0
-3500.0
-3455.0
-3510.0
-3465.0
-3520.0
-3475.0
-3525.0
-3485.0
-4505.0
-4445.0
-4530.0
-4470.0
-4555.0
-4495.0
-4480.0
-4420.0
-3585.0
-3540.0
-3470.0
-3430.0
-3480.0
-3435.0
-3490.0
-3445.0
-3500.0
-3455.0
-3510.0
-3465.0
-3515.0
-3475.0
-4495.0
-4435.0
-4520.0
-4460.0
-4545.0
-4485.0
-4470.0
-4410.0
-3580.0
-3545.0
-3590.0
-3550.0
-3600.0
-3560.0
-3610.0
-3570.0
-3620.0
-3580.0
-3625.0
-3590.0
-4605.0
-4550.0
-4630.0
-4575.0
-4655.0
-4600.0
-4580.0
-4525.0
-3585.0
-3540.0
-3595.0
-3550.0
-3605.0
-3560.0
-3615.0
-3570.0
-3620.0
-3580.0
-4600.0
-4540.0
-4625.0
-4565.0
-4650.0
-4590.0
-4575.0
-4515.0
-3585.0
-3540.0
-3595.0
-3550.0
-3605.0
-3560.0
-3610.0
-3570.0
-4590.0
-4530.0
-4615.0
-4555.0
-4640.0
-4580.0
-4565.0
-4505.0
-3585.0
-3540.0
-3595.0
-3550.0
-3600.0
-3560.0
-4580.0
-4520.0
-4605.0
-4545.0
-4630.0
-4570.0
-4555.0
-4495.0
-3585.0
-3540.0
-3590.0
-3550.0
-4570.0
-4510.0
-4595.0
-4535.0
-4620.0
-4560.0
-4545.0
-4485.0
-3580.0
-3545.0
-4560.0
-4505.0
-4585.0
-4530.0
-4610.0
-4555.0
-4535.0
-4480.0
-3600.0
-3525.0
-3625.0
-3550.0
-3650.0
-3575.0
-3575.0
-3500.0
-3600.0
-3525.0
-3625.0
-3550.0
-3550.0
-3475.0
-3600.0
-3525.0
-3525.0
-3450.0
-3600.0
-3525.0
