-2119.0
-2082.0
-2113.0
-2076.0
-2107.0
-2070.0
-2131.0
-2094.0
-2125.0
-2088.0
-2101.0
-2065.0
-2096.0
-2060.0
-1996.0
-1950.0
-1978.0
-1936.0
-1967.0
-1926.0
-1957.0
-1924.5
-1955.5
-1922.0
-917.0
-881.0
-912.0
-876.0
-907.0
-871.0
-902.0
-866.0
-897.0
-861.0
-892.0
-856.0
-887.0
-851.0
-882.0
-846.0
-877.0
-841.0
-872.0
-836.0
-867.0
-831.0
-862.0
-826.0
-857.0
-821.0
-737.0
-696.0
-727.0
-691.0
-722.0
-686.0
-717.0
-681.0
-712.0
-676.0
-707.0
-671.0
-702.0
-661.0
-692.0
-646.0
-677.0
-641.0
-672.0
-636.0
-1177.0
-1141.0
-502.0
-456.0
-227.0
-186.0
-217.0
-176.0
-207.0
-166.0
-197.0
-156.0
-187.0
-146.0
-177.0
-136.0
-167.0
-126.0
-277.0
-241.0
-272.0
-231.0
-262.0
-221.0
-252.0
-211.0
-242.0
-201.0
-232.0
-196.0
728.0
784.0
753.0
809.0
778.0
834.0
703.0
759.0
-2107.0
-2070.0
-2101.0
-2064.0
-2125.0
-2088.0
-2119.0
-2082.0
-2095.0
-2059.0
-2090.0
-2054.0
-1990.0
-1944.0
-1972.0
-1930.0
-1961.0
-1920.0
-1951.0
-1918.5
-1949.5
-1916.0
-911.0
-875.0
-906.0
-870.0
-901.0
-865.0
-896.0
-860.0
-891.0
-855.0
-886.0
-850.0
-881.0
-845.0
-876.0
-840.0
-871.0
-835.0
-866.0
-830.0
-861.0
-825.0
-856.0
-820.0
-851.0
-815.0
-731.0
-690.0
-721.0
-685.0
-716.0
-680.0
-711.0
-675.0
-706.0
-670.0
-701.0
-665.0
-696.0
-655.0
-686.0
-640.0
-671.0
-635.0
-666.0
-630.0
-1171.0
-1135.0
-496.0
-450.0
-221.0
-180.0
-211.0
-170.0
-201.0
-160.0
-191.0
-150.0
-181.0
-140.0
-171.0
-130.0
-161.0
-120.0
-271.0
-235.0
-266.0
-225.0
-256.0
-215.0
-246.0
-205.0
-236.0
-195.0
-226.0
-190.0
734.0
790.0
759.0
815.0
784.0
840.0
709.0
765.0
-2095.0
-2058.0
-2119.0
-2082.0
-2113.0
-2076.0
-2089.0
-2053.0
-2084.0
-2048.0
-1984.0
-1938.0
-1966.0
-1924.0
-1955.0
-1914.0
-1945.0
-1912.5
-1943.5
-1910.0
-905.0
-869.0
-900.0
-864.0
-895.0
-859.0
-890.0
-854.0
-885.0
-849.0
-880.0
-844.0
-875.0
-839.0
-870.0
-834.0
-865.0
-829.0
-860.0
-824.0
-855.0
-819.0
-850.0
-814.0
-845.0
-809.0
-725.0
-684.0
-715.0
-679.0
-710.0
-674.0
-705.0
-669.0
-700.0
-664.0
-695.0
-659.0
-690.0
-649.0
-680.0
-634.0
-665.0
-629.0
-660.0
-624.0
-1165.0
-1129.0
-490.0
-444.0
-215.0
-174.0
-205.0
-164.0
-195.0
-154.0
-185.0
-144.0
-175.0
-134.0
-165.0
-124.0
-155.0
-114.0
-265.0
-229.0
-260.0
-219.0
-250.0
-209.0
-240.0
-199.0
-230.0
-189.0
-220.0
-184.0
740.0
796.0
765.0
821.0
790.0
846.0
715.0
771.0
-2143.0
-2106.0
-2137.0
-2100.0
-2113.0
-2077.0
-2108.0
-2072.0
-2008.0
-1962.0
-1990.0
-1948.0
-1979.0
-1938.0
-1969.0
-1936.5
-1967.5
-1934.0
-929.0
-893.0
-924.0
-888.0
-919.0
-883.0
-914.0
-878.0
-909.0
-873.0
-904.0
-868.0
-899.0
-863.0
-894.0
-858.0
-889.0
-853.0
-884.0
-848.0
-879.0
-843.0
-874.0
-838.0
-869.0
-833.0
-749.0
-708.0
-739.0
-703.0
-734.0
-698.0
-729.0
-693.0
-724.0
-688.0
-719.0
-683.0
-714.0
-673.0
-704.0
-658.0
-689.0
-653.0
-684.0
-648.0
-1189.0
-1153.0
-514.0
-468.0
-239.0
-198.0
-229.0
-188.0
-219.0
-178.0
-209.0
-168.0
-199.0
-158.0
-189.0
-148.0
-179.0
-138.0
-289.0
-253.0
-284.0
-243.0
-274.0
-233.0
-264.0
-223.0
-254.0
-213.0
-244.0
-208.0
716.0
772.0
741.0
797.0
766.0
822.0
691.0
747.0
-2131.0
-2094.0
-2107.0
-2071.0
-2102.0
-2066.0
-2002.0
-1956.0
-1984.0
-1942.0
-1973.0
-1932.0
-1963.0
-1930.5
-1961.5
-1928.0
-923.0
-887.0
-918.0
-882.0
-913.0
-877.0
-908.0
-872.0
-903.0
-867.0
-898.0
-862.0
-893.0
-857.0
-888.0
-852.0
-883.0
-847.0
-878.0
-842.0
-873.0
-837.0
-868.0
-832.0
-863.0
-827.0
-743.0
-702.0
-733.0
-697.0
-728.0
-692.0
-723.0
-687.0
-718.0
-682.0
-713.0
-677.0
-708.0
-667.0
-698.0
-652.0
-683.0
-647.0
-678.0
-642.0
-1183.0
-1147.0
-508.0
-462.0
-233.0
-192.0
-223.0
-182.0
-213.0
-172.0
-203.0
-162.0
-193.0
-152.0
-183.0
-142.0
-173.0
-132.0
-283.0
-247.0
-278.0
-237.0
-268.0
-227.0
-258.0
-217.0
-248.0
-207.0
-238.0
-202.0
722.0
778.0
747.0
803.0
772.0
828.0
697.0
753.0
-2083.0
-2048.0
-2078.0
-2043.0
-1978.0
-1933.0
-1960.0
-1919.0
-1949.0
-1909.0
-1939.0
-1907.5
-1937.5
-1905.0
-899.0
-864.0
-894.0
-859.0
-889.0
-854.0
-884.0
-849.0
-879.0
-844.0
-874.0
-839.0
-869.0
-834.0
-864.0
-829.0
-859.0
-824.0
-854.0
-819.0
-849.0
-814.0
-844.0
-809.0
-839.0
-804.0
-719.0
-679.0
-709.0
-674.0
-704.0
-669.0
-699.0
-664.0
-694.0
-659.0
-689.0
-654.0
-684.0
-644.0
-674.0
-629.0
-659.0
-624.0
-654.0
-619.0
-1159.0
-1124.0
-484.0
-439.0
-209.0
-169.0
-199.0
-159.0
-189.0
-149.0
-179.0
-139.0
-169.0
-129.0
-159.0
-119.0
-149.0
-109.0
-259.0
-224.0
-254.0
-214.0
-244.0
-204.0
-234.0
-194.0
-224.0
-184.0
-214.0
-179.0
746.0
801.0
771.0
826.0
796.0
851.0
721.0
776.0
-2073.0
-2038.0
-1973.0
-1928.0
-1955.0
-1914.0
-1944.0
-1904.0
-1934.0
-1902.5
-1932.5
-1900.0
-894.0
-859.0
-889.0
-854.0
-884.0
-849.0
-879.0
-844.0
-874.0
-839.0
-869.0
-834.0
-864.0
-829.0
-859.0
-824.0
-854.0
-819.0
-849.0
-814.0
-844.0
-809.0
-839.0
-804.0
-834.0
-799.0
-714.0
-674.0
-704.0
-669.0
-699.0
-664.0
-694.0
-659.0
-689.0
-654.0
-684.0
-649.0
-679.0
-639.0
-669.0
-624.0
-654.0
-619.0
-649.0
-614.0
-1154.0
-1119.0
-479.0
-434.0
-204.0
-164.0
-194.0
-154.0
-184.0
-144.0
-174.0
-134.0
-164.0
-124.0
-154.0
-114.0
-144.0
-104.0
-254.0
-219.0
-249.0
-209.0
-239.0
-199.0
-229.0
-189.0
-219.0
-179.0
-209.0
-174.0
751.0
806.0
776.0
831.0
801.0
856.0
726.0
781.0
-1873.0
-1818.0
-1855.0
-1804.0
-1844.0
-1794.0
-1834.0
-1792.5
-1832.5
-1790.0
-794.0
-749.0
-789.0
-744.0
-784.0
-739.0
-779.0
-734.0
-774.0
-729.0
-769.0
-724.0
-764.0
-719.0
-759.0
-714.0
-754.0
-709.0
-749.0
-704.0
-744.0
-699.0
-739.0
-694.0
-734.0
-689.0
-614.0
-564.0
-604.0
-559.0
-599.0
-554.0
-594.0
-549.0
-589.0
-544.0
-584.0
-539.0
-579.0
-529.0
-569.0
-514.0
-554.0
-509.0
-549.0
-504.0
-1054.0
-1009.0
-379.0
-324.0
-104.0
-54.0
-94.0
-44.0
-84.0
-34.0
-74.0
-24.0
-64.0
-14.0
-54.0
-4.0
-44.0
6.0
-154.0
-109.0
-149.0
-99.0
-139.0
-89.0
-129.0
-79.0
-119.0
-69.0
-109.0
-64.0
851.0
916.0
876.0
941.0
901.0
966.0
826.0
891.0
-1837.0
-1790.0
-1826.0
-1780.0
-1816.0
-1778.5
-1814.5
-1776.0
-776.0
-735.0
-771.0
-730.0
-766.0
-725.0
-761.0
-720.0
-756.0
-715.0
-751.0
-710.0
-746.0
-705.0
-741.0
-700.0
-736.0
-695.0
-731.0
-690.0
-726.0
-685.0
-721.0
-680.0
-716.0
-675.0
-596.0
-550.0
-586.0
-545.0
-581.0
-540.0
-576.0
-535.0
-571.0
-530.0
-566.0
-525.0
-561.0
-515.0
-551.0
-500.0
-536.0
-495.0
-531.0
-490.0
-1036.0
-995.0
-361.0
-310.0
-86.0
-40.0
-76.0
-30.0
-66.0
-20.0
-56.0
-10.0
-46.0
0.0
-36.0
10.0
-26.0
20.0
-136.0
-95.0
-131.0
-85.0
-121.0
-75.0
-111.0
-65.0
-101.0
-55.0
-91.0
-50.0
869.0
930.0
894.0
955.0
919.0
980.0
844.0
905.0
-1815.0
-1770.0
-1805.0
-1768.5
-1803.5
-1766.0
-765.0
-725.0
-760.0
-720.0
-755.0
-715.0
-750.0
-710.0
-745.0
-705.0
-740.0
-700.0
-735.0
-695.0
-730.0
-690.0
-725.0
-685.0
-720.0
-680.0
-715.0
-675.0
-710.0
-670.0
-705.0
-665.0
-585.0
-540.0
-575.0
-535.0
-570.0
-530.0
-565.0
-525.0
-560.0
-520.0
-555.0
-515.0
-550.0
-505.0
-540.0
-490.0
-525.0
-485.0
-520.0
-480.0
-1025.0
-985.0
-350.0
-300.0
-75.0
-30.0
-65.0
-20.0
-55.0
-10.0
-45.0
0.0
-35.0
10.0
-25.0
20.0
-15.0
30.0
-125.0
-85.0
-120.0
-75.0
-110.0
-65.0
-100.0
-55.0
-90.0
-45.0
-80.0
-40.0
880.0
940.0
905.0
965.0
930.0
990.0
855.0
915.0
-1795.0
-1767.0
-1793.5
-1764.5
-755.0
-723.5
-750.0
-718.5
-745.0
-713.5
-740.0
-708.5
-735.0
-703.5
-730.0
-698.5
-725.0
-693.5
-720.0
-688.5
-715.0
-683.5
-710.0
-678.5
-705.0
-673.5
-700.0
-668.5
-695.0
-663.5
-575.0
-538.5
-565.0
-533.5
-560.0
-528.5
-555.0
-523.5
-550.0
-518.5
-545.0
-513.5
-540.0
-503.5
-530.0
-488.5
-515.0
-483.5
-510.0
-478.5
-1015.0
-983.5
-340.0
-298.5
-65.0
-28.5
-55.0
-18.5
-45.0
-8.5
-35.0
1.5
-25.0
11.5
-15.0
21.5
-5.0
31.5
-115.0
-83.5
-110.0
-73.5
-100.0
-63.5
-90.0
-53.5
-80.0
-43.5
-70.0
-38.5
890.0
941.5
915.0
966.5
940.0
991.5
865.0
916.5
-1792.0
-1762.0
-753.5
-721.0
-748.5
-716.0
-743.5
-711.0
-738.5
-706.0
-733.5
-701.0
-728.5
-696.0
-723.5
-691.0
-718.5
-686.0
-713.5
-681.0
-708.5
-676.0
-703.5
-671.0
-698.5
-666.0
-693.5
-661.0
-573.5
-536.0
-563.5
-531.0
-558.5
-526.0
-553.5
-521.0
-548.5
-516.0
-543.5
-511.0
-538.5
-501.0
-528.5
-486.0
-513.5
-481.0
-508.5
-476.0
-1013.5
-981.0
-338.5
-296.0
-63.5
-26.0
-53.5
-16.0
-43.5
-6.0
-33.5
4.0
-23.5
14.0
-13.5
24.0
-3.5
34.0
-113.5
-81.0
-108.5
-71.0
-98.5
-61.0
-88.5
-51.0
-78.5
-41.0
-68.5
-36.0
891.5
944.0
916.5
969.0
941.5
994.0
866.5
919.0
285.0
320.0
290.0
325.0
295.0
330.0
300.0
335.0
305.0
340.0
310.0
345.0
315.0
350.0
320.0
355.0
325.0
360.0
330.0
365.0
335.0
370.0
340.0
375.0
345.0
380.0
465.0
505.0
475.0
510.0
480.0
515.0
485.0
520.0
490.0
525.0
495.0
530.0
500.0
540.0
510.0
555.0
525.0
560.0
530.0
565.0
25.0
60.0
700.0
745.0
975.0
1015.0
985.0
1025.0
995.0
1035.0
1005.0
1045.0
1015.0
1055.0
1025.0
1065.0
1035.0
1075.0
925.0
960.0
930.0
970.0
940.0
980.0
950.0
990.0
960.0
1000.0
970.0
1005.0
1930.0
1985.0
1955.0
2010.0
1980.0
2035.0
1905.0
1960.0
295.0
330.0
300.0
335.0
305.0
340.0
310.0
345.0
315.0
350.0
320.0
355.0
325.0
360.0
330.0
365.0
335.0
370.0
340.0
375.0
345.0
380.0
350.0
385.0
470.0
510.0
480.0
515.0
485.0
520.0
490.0
525.0
495.0
530.0
500.0
535.0
505.0
545.0
515.0
560.0
530.0
565.0
535.0
570.0
30.0
65.0
705.0
750.0
980.0
1020.0
990.0
1030.0
1000.0
1040.0
1010.0
1050.0
1020.0
1060.0
1030.0
1070.0
1040.0
1080.0
930.0
965.0
935.0
975.0
945.0
985.0
955.0
995.0
965.0
1005.0
975.0
1010.0
1935.0
1990.0
1960.0
2015.0
1985.0
2040.0
1910.0
1965.0
305.0
340.0
310.0
345.0
315.0
350.0
320.0
355.0
325.0
360.0
330.0
365.0
335.0
370.0
340.0
375.0
345.0
380.0
350.0
385.0
355.0
390.0
475.0
515.0
485.0
520.0
490.0
525.0
495.0
530.0
500.0
535.0
505.0
540.0
510.0
550.0
520.0
565.0
535.0
570.0
540.0
575.0
35.0
70.0
710.0
755.0
985.0
1025.0
995.0
1035.0
1005.0
1045.0
1015.0
1055.0
1025.0
1065.0
1035.0
1075.0
1045.0
1085.0
935.0
970.0
940.0
980.0
950.0
990.0
960.0
1000.0
970.0
1010.0
980.0
1015.0
1940.0
1995.0
1965.0
2020.0
1990.0
2045.0
1915.0
1970.0
315.0
350.0
320.0
355.0
325.0
360.0
330.0
365.0
335.0
370.0
340.0
375.0
345.0
380.0
350.0
385.0
355.0
390.0
360.0
395.0
480.0
520.0
490.0
525.0
495.0
530.0
500.0
535.0
505.0
540.0
510.0
545.0
515.0
555.0
525.0
570.0
540.0
575.0
545.0
580.0
40.0
75.0
715.0
760.0
990.0
1030.0
1000.0
1040.0
1010.0
1050.0
1020.0
1060.0
1030.0
1070.0
1040.0
1080.0
1050.0
1090.0
940.0
975.0
945.0
985.0
955.0
995.0
965.0
1005.0
975.0
1015.0
985.0
1020.0
1945.0
2000.0
1970.0
2025.0
1995.0
2050.0
1920.0
1975.0
325.0
360.0
330.0
365.0
335.0
370.0
340.0
375.0
345.0
380.0
350.0
385.0
355.0
390.0
360.0
395.0
365.0
400.0
485.0
525.0
495.0
530.0
500.0
535.0
505.0
540.0
510.0
545.0
515.0
550.0
520.0
560.0
530.0
575.0
545.0
580.0
550.0
585.0
45.0
80.0
720.0
765.0
995.0
1035.0
1005.0
1045.0
1015.0
1055.0
1025.0
1065.0
1035.0
1075.0
1045.0
1085.0
1055.0
1095.0
945.0
980.0
950.0
990.0
960.0
1000.0
970.0
1010.0
980.0
1020.0
990.0
1025.0
1950.0
2005.0
1975.0
2030.0
2000.0
2055.0
1925.0
1980.0
335.0
370.0
340.0
375.0
345.0
380.0
350.0
385.0
355.0
390.0
360.0
395.0
365.0
400.0
370.0
405.0
490.0
530.0
500.0
535.0
505.0
540.0
510.0
545.0
515.0
550.0
520.0
555.0
525.0
565.0
535.0
580.0
550.0
585.0
555.0
590.0
50.0
85.0
725.0
770.0
1000.0
1040.0
1010.0
1050.0
1020.0
1060.0
1030.0
1070.0
1040.0
1080.0
1050.0
1090.0
1060.0
1100.0
950.0
985.0
955.0
995.0
965.0
1005.0
975.0
1015.0
985.0
1025.0
995.0
1030.0
1955.0
2010.0
1980.0
2035.0
2005.0
2060.0
1930.0
1985.0
345.0
380.0
350.0
385.0
355.0
390.0
360.0
395.0
365.0
400.0
370.0
405.0
375.0
410.0
495.0
535.0
505.0
540.0
510.0
545.0
515.0
550.0
520.0
555.0
525.0
560.0
530.0
570.0
540.0
585.0
555.0
590.0
560.0
595.0
55.0
90.0
730.0
775.0
1005.0
1045.0
1015.0
1055.0
1025.0
1065.0
1035.0
1075.0
1045.0
1085.0
1055.0
1095.0
1065.0
1105.0
955.0
990.0
960.0
1000.0
970.0
1010.0
980.0
1020.0
990.0
1030.0
1000.0
1035.0
1960.0
2015.0
1985.0
2040.0
2010.0
2065.0
1935.0
1990.0
355.0
390.0
360.0
395.0
365.0
400.0
370.0
405.0
375.0
410.0
380.0
415.0
500.0
540.0
510.0
545.0
515.0
550.0
520.0
555.0
525.0
560.0
530.0
565.0
535.0
575.0
545.0
590.0
560.0
595.0
565.0
600.0
60.0
95.0
735.0
780.0
1010.0
1050.0
1020.0
1060.0
1030.0
1070.0
1040.0
1080.0
1050.0
1090.0
1060.0
1100.0
1070.0
1110.0
960.0
995.0
965.0
1005.0
975.0
1015.0
985.0
1025.0
995.0
1035.0
1005.0
1040.0
1965.0
2020.0
1990.0
2045.0
2015.0
2070.0
1940.0
1995.0
365.0
400.0
370.0
405.0
375.0
410.0
380.0
415.0
385.0
420.0
505.0
545.0
515.0
550.0
520.0
555.0
525.0
560.0
530.0
565.0
535.0
570.0
540.0
580.0
550.0
595.0
565.0
600.0
570.0
605.0
65.0
100.0
740.0
785.0
1015.0
1055.0
1025.0
1065.0
1035.0
1075.0
1045.0
1085.0
1055.0
1095.0
1065.0
1105.0
1075.0
1115.0
965.0
1000.0
970.0
1010.0
980.0
1020.0
990.0
1030.0
1000.0
1040.0
1010.0
1045.0
1970.0
2025.0
1995.0
2050.0
2020.0
2075.0
1945.0
2000.0
375.0
410.0
380.0
415.0
385.0
420.0
390.0
425.0
510.0
550.0
520.0
555.0
525.0
560.0
530.0
565.0
535.0
570.0
540.0
575.0
545.0
585.0
555.0
600.0
570.0
605.0
575.0
610.0
70.0
105.0
745.0
790.0
1020.0
1060.0
1030.0
1070.0
1040.0
1080.0
1050.0
1090.0
1060.0
1100.0
1070.0
1110.0
1080.0
1120.0
970.0
1005.0
975.0
1015.0
985.0
1025.0
995.0
1035.0
1005.0
1045.0
1015.0
1050.0
1975.0
2030.0
2000.0
2055.0
2025.0
2080.0
1950.0
2005.0
385.0
420.0
390.0
425.0
395.0
430.0
515.0
555.0
525.0
560.0
530.0
565.0
535.0
570.0
540.0
575.0
545.0
580.0
550.0
590.0
560.0
605.0
575.0
610.0
580.0
615.0
75.0
110.0
750.0
795.0
1025.0
1065.0
1035.0
1075.0
1045.0
1085.0
1055.0
1095.0
1065.0
1105.0
1075.0
1115.0
1085.0
1125.0
975.0
1010.0
980.0
1020.0
990.0
1030.0
1000.0
1040.0
1010.0
1050.0
1020.0
1055.0
1980.0
2035.0
2005.0
2060.0
2030.0
2085.0
1955.0
2010.0
395.0
430.0
400.0
435.0
520.0
560.0
530.0
565.0
535.0
570.0
540.0
575.0
545.0
580.0
550.0
585.0
555.0
595.0
565.0
610.0
580.0
615.0
585.0
620.0
80.0
115.0
755.0
800.0
1030.0
1070.0
1040.0
1080.0
1050.0
1090.0
1060.0
1100.0
1070.0
1110.0
1080.0
1120.0
1090.0
1130.0
980.0
1015.0
985.0
1025.0
995.0
1035.0
1005.0
1045.0
1015.0
1055.0
1025.0
1060.0
1985.0
2040.0
2010.0
2065.0
2035.0
2090.0
1960.0
2015.0
405.0
440.0
525.0
565.0
535.0
570.0
540.0
575.0
545.0
580.0
550.0
585.0
555.0
590.0
560.0
600.0
570.0
615.0
585.0
620.0
590.0
625.0
85.0
120.0
760.0
805.0
1035.0
1075.0
1045.0
1085.0
1055.0
1095.0
1065.0
1105.0
1075.0
1115.0
1085.0
1125.0
1095.0
1135.0
985.0
1020.0
990.0
1030.0
1000.0
1040.0
1010.0
1050.0
1020.0
1060.0
1030.0
1065.0
1990.0
2045.0
2015.0
2070.0
2040.0
2095.0
1965.0
2020.0
645.0
690.0
655.0
695.0
660.0
700.0
665.0
705.0
670.0
710.0
675.0
715.0
680.0
725.0
690.0
740.0
705.0
745.0
710.0
750.0
205.0
245.0
880.0
930.0
1155.0
1200.0
1165.0
1210.0
1175.0
1220.0
1185.0
1230.0
1195.0
1240.0
1205.0
1250.0
1215.0
1260.0
1105.0
1145.0
1110.0
1155.0
1120.0
1165.0
1130.0
1175.0
1140.0
1185.0
1150.0
1190.0
2110.0
2170.0
2135.0
2195.0
2160.0
2220.0
2085.0
2145.0
665.0
700.0
670.0
705.0
675.0
710.0
680.0
715.0
685.0
720.0
690.0
730.0
700.0
745.0
715.0
750.0
720.0
755.0
215.0
250.0
890.0
935.0
1165.0
1205.0
1175.0
1215.0
1185.0
1225.0
1195.0
1235.0
1205.0
1245.0
1215.0
1255.0
1225.0
1265.0
1115.0
1150.0
1120.0
1160.0
1130.0
1170.0
1140.0
1180.0
1150.0
1190.0
1160.0
1195.0
2120.0
2175.0
2145.0
2200.0
2170.0
2225.0
2095.0
2150.0
675.0
710.0
680.0
715.0
685.0
720.0
690.0
725.0
695.0
735.0
705.0
750.0
720.0
755.0
725.0
760.0
220.0
255.0
895.0
940.0
1170.0
1210.0
1180.0
1220.0
1190.0
1230.0
1200.0
1240.0
1210.0
1250.0
1220.0
1260.0
1230.0
1270.0
1120.0
1155.0
1125.0
1165.0
1135.0
1175.0
1145.0
1185.0
1155.0
1195.0
1165.0
1200.0
2125.0
2180.0
2150.0
2205.0
2175.0
2230.0
2100.0
2155.0
685.0
720.0
690.0
725.0
695.0
730.0
700.0
740.0
710.0
755.0
725.0
760.0
730.0
765.0
225.0
260.0
900.0
945.0
1175.0
1215.0
1185.0
1225.0
1195.0
1235.0
1205.0
1245.0
1215.0
1255.0
1225.0
1265.0
1235.0
1275.0
1125.0
1160.0
1130.0
1170.0
1140.0
1180.0
1150.0
1190.0
1160.0
1200.0
1170.0
1205.0
2130.0
2185.0
2155.0
2210.0
2180.0
2235.0
2105.0
2160.0
695.0
730.0
700.0
735.0
705.0
745.0
715.0
760.0
730.0
765.0
735.0
770.0
230.0
265.0
905.0
950.0
1180.0
1220.0
1190.0
1230.0
1200.0
1240.0
1210.0
1250.0
1220.0
1260.0
1230.0
1270.0
1240.0
1280.0
1130.0
1165.0
1135.0
1175.0
1145.0
1185.0
1155.0
1195.0
1165.0
1205.0
1175.0
1210.0
2135.0
2190.0
2160.0
2215.0
2185.0
2240.0
2110.0
2165.0
705.0
740.0
710.0
750.0
720.0
765.0
735.0
770.0
740.0
775.0
235.0
270.0
910.0
955.0
1185.0
1225.0
1195.0
1235.0
1205.0
1245.0
1215.0
1255.0
1225.0
1265.0
1235.0
1275.0
1245.0
1285.0
1135.0
1170.0
1140.0
1180.0
1150.0
1190.0
1160.0
1200.0
1170.0
1210.0
1180.0
1215.0
2140.0
2195.0
2165.0
2220.0
2190.0
2245.0
2115.0
2170.0
715.0
760.0
725.0
775.0
740.0
780.0
745.0
785.0
240.0
280.0
915.0
965.0
1190.0
1235.0
1200.0
1245.0
1210.0
1255.0
1220.0
1265.0
1230.0
1275.0
1240.0
1285.0
1250.0
1295.0
1140.0
1180.0
1145.0
1190.0
1155.0
1200.0
1165.0
1210.0
1175.0
1220.0
1185.0
1225.0
2145.0
2205.0
2170.0
2230.0
2195.0
2255.0
2120.0
2180.0
735.0
790.0
750.0
795.0
755.0
800.0
250.0
295.0
925.0
980.0
1200.0
1250.0
1210.0
1260.0
1220.0
1270.0
1230.0
1280.0
1240.0
1290.0
1250.0
1300.0
1260.0
1310.0
1150.0
1195.0
1155.0
1205.0
1165.0
1215.0
1175.0
1225.0
1185.0
1235.0
1195.0
1240.0
2155.0
2220.0
2180.0
2245.0
2205.0
2270.0
2130.0
2195.0
765.0
800.0
770.0
805.0
265.0
300.0
940.0
985.0
1215.0
1255.0
1225.0
1265.0
1235.0
1275.0
1245.0
1285.0
1255.0
1295.0
1265.0
1305.0
1275.0
1315.0
1165.0
1200.0
1170.0
1210.0
1180.0
1220.0
1190.0
1230.0
1200.0
1240.0
1210.0
1245.0
2170.0
2225.0
2195.0
2250.0
2220.0
2275.0
2145.0
2200.0
775.0
810.0
270.0
305.0
945.0
990.0
1220.0
1260.0
1230.0
1270.0
1240.0
1280.0
1250.0
1290.0
1260.0
1300.0
1270.0
1310.0
1280.0
1320.0
1170.0
1205.0
1175.0
1215.0
1185.0
1225.0
1195.0
1235.0
1205.0
1245.0
1215.0
1250.0
2175.0
2230.0
2200.0
2255.0
2225.0
2280.0
2150.0
2205.0
-235.0
-200.0
440.0
485.0
715.0
755.0
725.0
765.0
735.0
775.0
745.0
785.0
755.0
795.0
765.0
805.0
775.0
815.0
665.0
700.0
670.0
710.0
680.0
720.0
690.0
730.0
700.0
740.0
710.0
745.0
1670.0
1725.0
1695.0
1750.0
1720.0
1775.0
1645.0
1700.0
1115.0
1170.0
1390.0
1440.0
1400.0
1450.0
1410.0
1460.0
1420.0
1470.0
1430.0
1480.0
1440.0
1490.0
1450.0
1500.0
1340.0
1385.0
1345.0
1395.0
1355.0
1405.0
1365.0
1415.0
1375.0
1425.0
1385.0
1430.0
2345.0
2410.0
2370.0
2435.0
2395.0
2460.0
2320.0
2385.0
1665.0
1710.0
1675.0
1720.0
1685.0
1730.0
1695.0
1740.0
1705.0
1750.0
1715.0
1760.0
1725.0
1770.0
1615.0
1655.0
1620.0
1665.0
1630.0
1675.0
1640.0
1685.0
1650.0
1695.0
1660.0
1700.0
2620.0
2680.0
2645.0
2705.0
2670.0
2730.0
2595.0
2655.0
1685.0
1730.0
1695.0
1740.0
1705.0
1750.0
1715.0
1760.0
1725.0
1770.0
1735.0
1780.0
1625.0
1665.0
1630.0
1675.0
1640.0
1685.0
1650.0
1695.0
1660.0
1705.0
1670.0
1710.0
2630.0
2690.0
2655.0
2715.0
2680.0
2740.0
2605.0
2665.0
1705.0
1750.0
1715.0
1760.0
1725.0
1770.0
1735.0
1780.0
1745.0
1790.0
1635.0
1675.0
1640.0
1685.0
1650.0
1695.0
1660.0
1705.0
1670.0
1715.0
1680.0
1720.0
2640.0
2700.0
2665.0
2725.0
2690.0
2750.0
2615.0
2675.0
1725.0
1770.0
1735.0
1780.0
1745.0
1790.0
1755.0
1800.0
1645.0
1685.0
1650.0
1695.0
1660.0
1705.0
1670.0
1715.0
1680.0
1725.0
1690.0
1730.0
2650.0
2710.0
2675.0
2735.0
2700.0
2760.0
2625.0
2685.0
1745.0
1790.0
1755.0
1800.0
1765.0
1810.0
1655.0
1695.0
1660.0
1705.0
1670.0
1715.0
1680.0
1725.0
1690.0
1735.0
1700.0
1740.0
2660.0
2720.0
2685.0
2745.0
2710.0
2770.0
2635.0
2695.0
1765.0
1810.0
1775.0
1820.0
1665.0
1705.0
1670.0
1715.0
1680.0
1725.0
1690.0
1735.0
1700.0
1745.0
1710.0
1750.0
2670.0
2730.0
2695.0
2755.0
2720.0
2780.0
2645.0
2705.0
1785.0
1830.0
1675.0
1715.0
1680.0
1725.0
1690.0
1735.0
1700.0
1745.0
1710.0
1755.0
1720.0
1760.0
2680.0
2740.0
2705.0
2765.0
2730.0
2790.0
2655.0
2715.0
1565.0
1600.0
1570.0
1610.0
1580.0
1620.0
1590.0
1630.0
1600.0
1640.0
1610.0
1645.0
2570.0
2625.0
2595.0
2650.0
2620.0
2675.0
2545.0
2600.0
1575.0
1620.0
1585.0
1630.0
1595.0
1640.0
1605.0
1650.0
1615.0
1655.0
2575.0
2635.0
2600.0
2660.0
2625.0
2685.0
2550.0
2610.0
1595.0
1640.0
1605.0
1650.0
1615.0
1660.0
1625.0
1665.0
2585.0
2645.0
2610.0
2670.0
2635.0
2695.0
2560.0
2620.0
1615.0
1660.0
1625.0
1670.0
1635.0
1675.0
2595.0
2655.0
2620.0
2680.0
2645.0
2705.0
2570.0
2630.0
1635.0
1680.0
1645.0
1685.0
2605.0
2665.0
2630.0
2690.0
2655.0
2715.0
2580.0
2640.0
1655.0
1690.0
2615.0
2670.0
2640.0
2695.0
2665.0
2720.0
2590.0
2645.0
3575.0
3650.0
3600.0
3675.0
3625.0
3700.0
3550.0
3625.0
3625.0
3700.0
3650.0
3725.0
3575.0
3650.0
3675.0
3750.0
3600.0
3675.0
3525.0
3600.0
