2107.0
2144.0
2101.0
2138.0
2095.0
2132.0
2119.0
2156.0
2113.0
2150.0
2090.0
2126.0
2085.0
2121.0
1975.0
2021.0
1961.0
2003.0
1951.0
1992.0
1949.5
1982.0
1947.0
1980.5
906.0
942.0
901.0
937.0
896.0
932.0
891.0
927.0
886.0
922.0
881.0
917.0
876.0
912.0
871.0
907.0
866.0
902.0
861.0
897.0
856.0
892.0
851.0
887.0
846.0
882.0
721.0
762.0
716.0
752.0
711.0
747.0
706.0
742.0
701.0
737.0
696.0
732.0
686.0
727.0
671.0
717.0
666.0
702.0
661.0
697.0
1166.0
1202.0
481.0
527.0
211.0
252.0
201.0
242.0
191.0
232.0
181.0
222.0
171.0
212.0
161.0
202.0
151.0
192.0
266.0
302.0
256.0
297.0
246.0
287.0
236.0
277.0
226.0
267.0
221.0
257.0
-759.0
-703.0
-784.0
-728.0
-809.0
-753.0
-734.0
-678.0
2095.0
2132.0
2089.0
2126.0
2113.0
2150.0
2107.0
2144.0
2084.0
2120.0
2079.0
2115.0
1969.0
2015.0
1955.0
1997.0
1945.0
1986.0
1943.5
1976.0
1941.0
1974.5
900.0
936.0
895.0
931.0
890.0
926.0
885.0
921.0
880.0
916.0
875.0
911.0
870.0
906.0
865.0
901.0
860.0
896.0
855.0
891.0
850.0
886.0
845.0
881.0
840.0
876.0
715.0
756.0
710.0
746.0
705.0
741.0
700.0
736.0
695.0
731.0
690.0
726.0
680.0
721.0
665.0
711.0
660.0
696.0
655.0
691.0
1160.0
1196.0
475.0
521.0
205.0
246.0
195.0
236.0
185.0
226.0
175.0
216.0
165.0
206.0
155.0
196.0
145.0
186.0
260.0
296.0
250.0
291.0
240.0
281.0
230.0
271.0
220.0
261.0
215.0
251.0
-765.0
-709.0
-790.0
-734.0
-815.0
-759.0
-740.0
-684.0
2083.0
2120.0
2107.0
2144.0
2101.0
2138.0
2078.0
2114.0
2073.0
2109.0
1963.0
2009.0
1949.0
1991.0
1939.0
1980.0
1937.5
1970.0
1935.0
1968.5
894.0
930.0
889.0
925.0
884.0
920.0
879.0
915.0
874.0
910.0
869.0
905.0
864.0
900.0
859.0
895.0
854.0
890.0
849.0
885.0
844.0
880.0
839.0
875.0
834.0
870.0
709.0
750.0
704.0
740.0
699.0
735.0
694.0
730.0
689.0
725.0
684.0
720.0
674.0
715.0
659.0
705.0
654.0
690.0
649.0
685.0
1154.0
1190.0
469.0
515.0
199.0
240.0
189.0
230.0
179.0
220.0
169.0
210.0
159.0
200.0
149.0
190.0
139.0
180.0
254.0
290.0
244.0
285.0
234.0
275.0
224.0
265.0
214.0
255.0
209.0
245.0
-771.0
-715.0
-796.0
-740.0
-821.0
-765.0
-746.0
-690.0
2131.0
2168.0
2125.0
2162.0
2102.0
2138.0
2097.0
2133.0
1987.0
2033.0
1973.0
2015.0
1963.0
2004.0
1961.5
1994.0
1959.0
1992.5
918.0
954.0
913.0
949.0
908.0
944.0
903.0
939.0
898.0
934.0
893.0
929.0
888.0
924.0
883.0
919.0
878.0
914.0
873.0
909.0
868.0
904.0
863.0
899.0
858.0
894.0
733.0
774.0
728.0
764.0
723.0
759.0
718.0
754.0
713.0
749.0
708.0
744.0
698.0
739.0
683.0
729.0
678.0
714.0
673.0
709.0
1178.0
1214.0
493.0
539.0
223.0
264.0
213.0
254.0
203.0
244.0
193.0
234.0
183.0
224.0
173.0
214.0
163.0
204.0
278.0
314.0
268.0
309.0
258.0
299.0
248.0
289.0
238.0
279.0
233.0
269.0
-747.0
-691.0
-772.0
-716.0
-797.0
-741.0
-722.0
-666.0
2119.0
2156.0
2096.0
2132.0
2091.0
2127.0
1981.0
2027.0
1967.0
2009.0
1957.0
1998.0
1955.5
1988.0
1953.0
1986.5
912.0
948.0
907.0
943.0
902.0
938.0
897.0
933.0
892.0
928.0
887.0
923.0
882.0
918.0
877.0
913.0
872.0
908.0
867.0
903.0
862.0
898.0
857.0
893.0
852.0
888.0
727.0
768.0
722.0
758.0
717.0
753.0
712.0
748.0
707.0
743.0
702.0
738.0
692.0
733.0
677.0
723.0
672.0
708.0
667.0
703.0
1172.0
1208.0
487.0
533.0
217.0
258.0
207.0
248.0
197.0
238.0
187.0
228.0
177.0
218.0
167.0
208.0
157.0
198.0
272.0
308.0
262.0
303.0
252.0
293.0
242.0
283.0
232.0
273.0
227.0
263.0
-753.0
-697.0
-778.0
-722.0
-803.0
-747.0
-728.0
-672.0
2073.0
2108.0
2068.0
2103.0
1958.0
2003.0
1944.0
1985.0
1934.0
1974.0
1932.5
1964.0
1930.0
1962.5
889.0
924.0
884.0
919.0
879.0
914.0
874.0
909.0
869.0
904.0
864.0
899.0
859.0
894.0
854.0
889.0
849.0
884.0
844.0
879.0
839.0
874.0
834.0
869.0
829.0
864.0
704.0
744.0
699.0
734.0
694.0
729.0
689.0
724.0
684.0
719.0
679.0
714.0
669.0
709.0
654.0
699.0
649.0
684.0
644.0
679.0
1149.0
1184.0
464.0
509.0
194.0
234.0
184.0
224.0
174.0
214.0
164.0
204.0
154.0
194.0
144.0
184.0
134.0
174.0
249.0
284.0
239.0
279.0
229.0
269.0
219.0
259.0
209.0
249.0
204.0
239.0
-776.0
-721.0
-801.0
-746.0
-826.0
-771.0
-751.0
-696.0
2063.0
2098.0
1953.0
1998.0
1939.0
1980.0
1929.0
1969.0
1927.5
1959.0
1925.0
1957.5
884.0
919.0
879.0
914.0
874.0
909.0
869.0
904.0
864.0
899.0
859.0
894.0
854.0
889.0
849.0
884.0
844.0
879.0
839.0
874.0
834.0
869.0
829.0
864.0
824.0
859.0
699.0
739.0
694.0
729.0
689.0
724.0
684.0
719.0
679.0
714.0
674.0
709.0
664.0
704.0
649.0
694.0
644.0
679.0
639.0
674.0
1144.0
1179.0
459.0
504.0
189.0
229.0
179.0
219.0
169.0
209.0
159.0
199.0
149.0
189.0
139.0
179.0
129.0
169.0
244.0
279.0
234.0
274.0
224.0
264.0
214.0
254.0
204.0
244.0
199.0
234.0
-781.0
-726.0
-806.0
-751.0
-831.0
-776.0
-756.0
-701.0
1843.0
1898.0
1829.0
1880.0
1819.0
1869.0
1817.5
1859.0
1815.0
1857.5
774.0
819.0
769.0
814.0
764.0
809.0
759.0
804.0
754.0
799.0
749.0
794.0
744.0
789.0
739.0
784.0
734.0
779.0
729.0
774.0
724.0
769.0
719.0
764.0
714.0
759.0
589.0
639.0
584.0
629.0
579.0
624.0
574.0
619.0
569.0
614.0
564.0
609.0
554.0
604.0
539.0
594.0
534.0
579.0
529.0
574.0
1034.0
1079.0
349.0
404.0
79.0
129.0
69.0
119.0
59.0
109.0
49.0
99.0
39.0
89.0
29.0
79.0
19.0
69.0
134.0
179.0
124.0
174.0
114.0
164.0
104.0
154.0
94.0
144.0
89.0
134.0
-891.0
-826.0
-916.0
-851.0
-941.0
-876.0
-866.0
-801.0
1815.0
1862.0
1805.0
1851.0
1803.5
1841.0
1801.0
1839.5
760.0
801.0
755.0
796.0
750.0
791.0
745.0
786.0
740.0
781.0
735.0
776.0
730.0
771.0
725.0
766.0
720.0
761.0
715.0
756.0
710.0
751.0
705.0
746.0
700.0
741.0
575.0
621.0
570.0
611.0
565.0
606.0
560.0
601.0
555.0
596.0
550.0
591.0
540.0
586.0
525.0
576.0
520.0
561.0
515.0
556.0
1020.0
1061.0
335.0
386.0
65.0
111.0
55.0
101.0
45.0
91.0
35.0
81.0
25.0
71.0
15.0
61.0
5.0
51.0
120.0
161.0
110.0
156.0
100.0
146.0
90.0
136.0
80.0
126.0
75.0
116.0
-905.0
-844.0
-930.0
-869.0
-955.0
-894.0
-880.0
-819.0
1795.0
1840.0
1793.5
1830.0
1791.0
1828.5
750.0
790.0
745.0
785.0
740.0
780.0
735.0
775.0
730.0
770.0
725.0
765.0
720.0
760.0
715.0
755.0
710.0
750.0
705.0
745.0
700.0
740.0
695.0
735.0
690.0
730.0
565.0
610.0
560.0
600.0
555.0
595.0
550.0
590.0
545.0
585.0
540.0
580.0
530.0
575.0
515.0
565.0
510.0
550.0
505.0
545.0
1010.0
1050.0
325.0
375.0
55.0
100.0
45.0
90.0
35.0
80.0
25.0
70.0
15.0
60.0
5.0
50.0
-5.0
40.0
110.0
150.0
100.0
145.0
90.0
135.0
80.0
125.0
70.0
115.0
65.0
105.0
-915.0
-855.0
-940.0
-880.0
-965.0
-905.0
-890.0
-830.0
1792.0
1820.0
1789.5
1818.5
748.5
780.0
743.5
775.0
738.5
770.0
733.5
765.0
728.5
760.0
723.5
755.0
718.5
750.0
713.5
745.0
708.5
740.0
703.5
735.0
698.5
730.0
693.5
725.0
688.5
720.0
563.5
600.0
558.5
590.0
553.5
585.0
548.5
580.0
543.5
575.0
538.5
570.0
528.5
565.0
513.5
555.0
508.5
540.0
503.5
535.0
1008.5
1040.0
323.5
365.0
53.5
90.0
43.5
80.0
33.5
70.0
23.5
60.0
13.5
50.0
3.5
40.0
-6.5
30.0
108.5
140.0
98.5
135.0
88.5
125.0
78.5
115.0
68.5
105.0
63.5
95.0
-916.5
-865.0
-941.5
-890.0
-966.5
-915.0
-891.5
-840.0
1787.0
1817.0
746.0
778.5
741.0
773.5
736.0
768.5
731.0
763.5
726.0
758.5
721.0
753.5
716.0
748.5
711.0
743.5
706.0
738.5
701.0
733.5
696.0
728.5
691.0
723.5
686.0
718.5
561.0
598.5
556.0
588.5
551.0
583.5
546.0
578.5
541.0
573.5
536.0
568.5
526.0
563.5
511.0
553.5
506.0
538.5
501.0
533.5
1006.0
1038.5
321.0
363.5
51.0
88.5
41.0
78.5
31.0
68.5
21.0
58.5
11.0
48.5
1.0
38.5
-9.0
28.5
106.0
138.5
96.0
133.5
86.0
123.5
76.0
113.5
66.0
103.5
61.0
93.5
-919.0
-866.5
-944.0
-891.5
-969.0
-916.5
-894.0
-841.5
-295.0
-260.0
-300.0
-265.0
-305.0
-270.0
-310.0
-275.0
-315.0
-280.0
-320.0
-285.0
-325.0
-290.0
-330.0
-295.0
-335.0
-300.0
-340.0
-305.0
-345.0
-310.0
-350.0
-315.0
-355.0
-320.0
-480.0
-440.0
-485.0
-450.0
-490.0
-455.0
-495.0
-460.0
-500.0
-465.0
-505.0
-470.0
-515.0
-475.0
-530.0
-485.0
-535.0
-500.0
-540.0
-505.0
-35.0
0.0
-720.0
-675.0
-990.0
-950.0
-1000.0
-960.0
-1010.0
-970.0
-1020.0
-980.0
-1030.0
-990.0
-1040.0
-1000.0
-1050.0
-1010.0
-935.0
-900.0
-945.0
-905.0
-955.0
-915.0
-965.0
-925.0
-975.0
-935.0
-980.0
-945.0
-1960.0
-1905.0
-1985.0
-1930.0
-2010.0
-1955.0
-1935.0
-1880.0
-305.0
-270.0
-310.0
-275.0
-315.0
-280.0
-320.0
-285.0
-325.0
-290.0
-330.0
-295.0
-335.0
-300.0
-340.0
-305.0
-345.0
-310.0
-350.0
-315.0
-355.0
-320.0
-360.0
-325.0
-485.0
-445.0
-490.0
-455.0
-495.0
-460.0
-500.0
-465.0
-505.0
-470.0
-510.0
-475.0
-520.0
-480.0
-535.0
-490.0
-540.0
-505.0
-545.0
-510.0
-40.0
-5.0
-725.0
-680.0
-995.0
-955.0
-1005.0
-965.0
-1015.0
-975.0
-1025.0
-985.0
-1035.0
-995.0
-1045.0
-1005.0
-1055.0
-1015.0
-940.0
-905.0
-950.0
-910.0
-960.0
-920.0
-970.0
-930.0
-980.0
-940.0
-985.0
-950.0
-1965.0
-1910.0
-1990.0
-1935.0
-2015.0
-1960.0
-1940.0
-1885.0
-315.0
-280.0
-320.0
-285.0
-325.0
-290.0
-330.0
-295.0
-335.0
-300.0
-340.0
-305.0
-345.0
-310.0
-350.0
-315.0
-355.0
-320.0
-360.0
-325.0
-365.0
-330.0
-490.0
-450.0
-495.0
-460.0
-500.0
-465.0
-505.0
-470.0
-510.0
-475.0
-515.0
-480.0
-525.0
-485.0
-540.0
-495.0
-545.0
-510.0
-550.0
-515.0
-45.0
-10.0
-730.0
-685.0
-1000.0
-960.0
-1010.0
-970.0
-1020.0
-980.0
-1030.0
-990.0
-1040.0
-1000.0
-1050.0
-1010.0
-1060.0
-1020.0
-945.0
-910.0
-955.0
-915.0
-965.0
-925.0
-975.0
-935.0
-985.0
-945.0
-990.0
-955.0
-1970.0
-1915.0
-1995.0
-1940.0
-2020.0
-1965.0
-1945.0
-1890.0
-325.0
-290.0
-330.0
-295.0
-335.0
-300.0
-340.0
-305.0
-345.0
-310.0
-350.0
-315.0
-355.0
-320.0
-360.0
-325.0
-365.0
-330.0
-370.0
-335.0
-495.0
-455.0
-500.0
-465.0
-505.0
-470.0
-510.0
-475.0
-515.0
-480.0
-520.0
-485.0
-530.0
-490.0
-545.0
-500.0
-550.0
-515.0
-555.0
-520.0
-50.0
-15.0
-735.0
-690.0
-1005.0
-965.0
-1015.0
-975.0
-1025.0
-985.0
-1035.0
-995.0
-1045.0
-1005.0
-1055.0
-1015.0
-1065.0
-1025.0
-950.0
-915.0
-960.0
-920.0
-970.0
-930.0
-980.0
-940.0
-990.0
-950.0
-995.0
-960.0
-1975.0
-1920.0
-2000.0
-1945.0
-2025.0
-1970.0
-1950.0
-1895.0
-335.0
-300.0
-340.0
-305.0
-345.0
-310.0
-350.0
-315.0
-355.0
-320.0
-360.0
-325.0
-365.0
-330.0
-370.0
-335.0
-375.0
-340.0
-500.0
-460.0
-505.0
-470.0
-510.0
-475.0
-515.0
-480.0
-520.0
-485.0
-525.0
-490.0
-535.0
-495.0
-550.0
-505.0
-555.0
-520.0
-560.0
-525.0
-55.0
-20.0
-740.0
-695.0
-1010.0
-970.0
-1020.0
-980.0
-1030.0
-990.0
-1040.0
-1000.0
-1050.0
-1010.0
-1060.0
-1020.0
-1070.0
-1030.0
-955.0
-920.0
-965.0
-925.0
-975.0
-935.0
-985.0
-945.0
-995.0
-955.0
-1000.0
-965.0
-1980.0
-1925.0
-2005.0
-1950.0
-2030.0
-1975.0
-1955.0
-1900.0
-345.0
-310.0
-350.0
-315.0
-355.0
-320.0
-360.0
-325.0
-365.0
-330.0
-370.0
-335.0
-375.0
-340.0
-380.0
-345.0
-505.0
-465.0
-510.0
-475.0
-515.0
-480.0
-520.0
-485.0
-525.0
-490.0
-530.0
-495.0
-540.0
-500.0
-555.0
-510.0
-560.0
-525.0
-565.0
-530.0
-60.0
-25.0
-745.0
-700.0
-1015.0
-975.0
-1025.0
-985.0
-1035.0
-995.0
-1045.0
-1005.0
-1055.0
-1015.0
-1065.0
-1025.0
-1075.0
-1035.0
-960.0
-925.0
-970.0
-930.0
-980.0
-940.0
-990.0
-950.0
-1000.0
-960.0
-1005.0
-970.0
-1985.0
-1930.0
-2010.0
-1955.0
-2035.0
-1980.0
-1960.0
-1905.0
-355.0
-320.0
-360.0
-325.0
-365.0
-330.0
-370.0
-335.0
-375.0
-340.0
-380.0
-345.0
-385.0
-350.0
-510.0
-470.0
-515.0
-480.0
-520.0
-485.0
-525.0
-490.0
-530.0
-495.0
-535.0
-500.0
-545.0
-505.0
-560.0
-515.0
-565.0
-530.0
-570.0
-535.0
-65.0
-30.0
-750.0
-705.0
-1020.0
-980.0
-1030.0
-990.0
-1040.0
-1000.0
-1050.0
-1010.0
-1060.0
-1020.0
-1070.0
-1030.0
-1080.0
-1040.0
-965.0
-930.0
-975.0
-935.0
-985.0
-945.0
-995.0
-955.0
-1005.0
-965.0
-1010.0
-975.0
-1990.0
-1935.0
-2015.0
-1960.0
-2040.0
-1985.0
-1965.0
-1910.0
-365.0
-330.0
-370.0
-335.0
-375.0
-340.0
-380.0
-345.0
-385.0
-350.0
-390.0
-355.0
-515.0
-475.0
-520.0
-485.0
-525.0
-490.0
-530.0
-495.0
-535.0
-500.0
-540.0
-505.0
-550.0
-510.0
-565.0
-520.0
-570.0
-535.0
-575.0
-540.0
-70.0
-35.0
-755.0
-710.0
-1025.0
-985.0
-1035.0
-995.0
-1045.0
-1005.0
-1055.0
-1015.0
-1065.0
-1025.0
-1075.0
-1035.0
-1085.0
-1045.0
-970.0
-935.0
-980.0
-940.0
-990.0
-950.0
-1000.0
-960.0
-1010.0
-970.0
-1015.0
-980.0
-1995.0
-1940.0
-2020.0
-1965.0
-2045.0
-1990.0
-1970.0
-1915.0
-375.0
-340.0
-380.0
-345.0
-385.0
-350.0
-390.0
-355.0
-395.0
-360.0
-520.0
-480.0
-525.0
-490.0
-530.0
-495.0
-535.0
-500.0
-540.0
-505.0
-545.0
-510.0
-555.0
-515.0
-570.0
-525.0
-575.0
-540.0
-580.0
-545.0
-75.0
-40.0
-760.0
-715.0
-1030.0
-990.0
-1040.0
-1000.0
-1050.0
-1010.0
-1060.0
-1020.0
-1070.0
-1030.0
-1080.0
-1040.0
-1090.0
-1050.0
-975.0
-940.0
-985.0
-945.0
-995.0
-955.0
-1005.0
-965.0
-1015.0
-975.0
-1020.0
-985.0
-2000.0
-1945.0
-2025.0
-1970.0
-2050.0
-1995.0
-1975.0
-1920.0
-385.0
-350.0
-390.0
-355.0
-395.0
-360.0
-400.0
-365.0
-525.0
-485.0
-530.0
-495.0
-535.0
-500.0
-540.0
-505.0
-545.0
-510.0
-550.0
-515.0
-560.0
-520.0
-575.0
-530.0
-580.0
-545.0
-585.0
-550.0
-80.0
-45.0
-765.0
-720.0
-1035.0
-995.0
-1045.0
-1005.0
-1055.0
-1015.0
-1065.0
-1025.0
-1075.0
-1035.0
-1085.0
-1045.0
-1095.0
-1055.0
-980.0
-945.0
-990.0
-950.0
-1000.0
-960.0
-1010.0
-970.0
-1020.0
-980.0
-1025.0
-990.0
-2005.0
-1950.0
-2030.0
-1975.0
-2055.0
-2000.0
-1980.0
-1925.0
-395.0
-360.0
-400.0
-365.0
-405.0
-370.0
-530.0
-490.0
-535.0
-500.0
-540.0
-505.0
-545.0
-510.0
-550.0
-515.0
-555.0
-520.0
-565.0
-525.0
-580.0
-535.0
-585.0
-550.0
-590.0
-555.0
-85.0
-50.0
-770.0
-725.0
-1040.0
-1000.0
-1050.0
-1010.0
-1060.0
-1020.0
-1070.0
-1030.0
-1080.0
-1040.0
-1090.0
-1050.0
-1100.0
-1060.0
-985.0
-950.0
-995.0
-955.0
-1005.0
-965.0
-1015.0
-975.0
-1025.0
-985.0
-1030.0
-995.0
-2010.0
-1955.0
-2035.0
-1980.0
-2060.0
-2005.0
-1985.0
-1930.0
-405.0
-370.0
-410.0
-375.0
-535.0
-495.0
-540.0
-505.0
-545.0
-510.0
-550.0
-515.0
-555.0
-520.0
-560.0
-525.0
-570.0
-530.0
-585.0
-540.0
-590.0
-555.0
-595.0
-560.0
-90.0
-55.0
-775.0
-730.0
-1045.0
-1005.0
-1055.0
-1015.0
-1065.0
-1025.0
-1075.0
-1035.0
-1085.0
-1045.0
-1095.0
-1055.0
-1105.0
-1065.0
-990.0
-955.0
-1000.0
-960.0
-1010.0
-970.0
-1020.0
-980.0
-1030.0
-990.0
-1035.0
-1000.0
-2015.0
-1960.0
-2040.0
-1985.0
-2065.0
-2010.0
-1990.0
-1935.0
-415.0
-380.0
-540.0
-500.0
-545.0
-510.0
-550.0
-515.0
-555.0
-520.0
-560.0
-525.0
-565.0
-530.0
-575.0
-535.0
-590.0
-545.0
-595.0
-560.0
-600.0
-565.0
-95.0
-60.0
-780.0
-735.0
-1050.0
-1010.0
-1060.0
-1020.0
-1070.0
-1030.0
-1080.0
-1040.0
-1090.0
-1050.0
-1100.0
-1060.0
-1110.0
-1070.0
-995.0
-960.0
-1005.0
-965.0
-1015.0
-975.0
-1025.0
-985.0
-1035.0
-995.0
-1040.0
-1005.0
-2020.0
-1965.0
-2045.0
-1990.0
-2070.0
-2015.0
-1995.0
-1940.0
-665.0
-620.0
-670.0
-630.0
-675.0
-635.0
-680.0
-640.0
-685.0
-645.0
-690.0
-650.0
-700.0
-655.0
-715.0
-665.0
-720.0
-680.0
-725.0
-685.0
-220.0
-180.0
-905.0
-855.0
-1175.0
-1130.0
-1185.0
-1140.0
-1195.0
-1150.0
-1205.0
-1160.0
-1215.0
-1170.0
-1225.0
-1180.0
-1235.0
-1190.0
-1120.0
-1080.0
-1130.0
-1085.0
-1140.0
-1095.0
-1150.0
-1105.0
-1160.0
-1115.0
-1165.0
-1125.0
-2145.0
-2085.0
-2170.0
-2110.0
-2195.0
-2135.0
-2120.0
-2060.0
-675.0
-640.0
-680.0
-645.0
-685.0
-650.0
-690.0
-655.0
-695.0
-660.0
-705.0
-665.0
-720.0
-675.0
-725.0
-690.0
-730.0
-695.0
-225.0
-190.0
-910.0
-865.0
-1180.0
-1140.0
-1190.0
-1150.0
-1200.0
-1160.0
-1210.0
-1170.0
-1220.0
-1180.0
-1230.0
-1190.0
-1240.0
-1200.0
-1125.0
-1090.0
-1135.0
-1095.0
-1145.0
-1105.0
-1155.0
-1115.0
-1165.0
-1125.0
-1170.0
-1135.0
-2150.0
-2095.0
-2175.0
-2120.0
-2200.0
-2145.0
-2125.0
-2070.0
-685.0
-650.0
-690.0
-655.0
-695.0
-660.0
-700.0
-665.0
-710.0
-670.0
-725.0
-680.0
-730.0
-695.0
-735.0
-700.0
-230.0
-195.0
-915.0
-870.0
-1185.0
-1145.0
-1195.0
-1155.0
-1205.0
-1165.0
-1215.0
-1175.0
-1225.0
-1185.0
-1235.0
-1195.0
-1245.0
-1205.0
-1130.0
-1095.0
-1140.0
-1100.0
-1150.0
-1110.0
-1160.0
-1120.0
-1170.0
-1130.0
-1175.0
-1140.0
-2155.0
-2100.0
-2180.0
-2125.0
-2205.0
-2150.0
-2130.0
-2075.0
-695.0
-660.0
-700.0
-665.0
-705.0
-670.0
-715.0
-675.0
-730.0
-685.0
-735.0
-700.0
-740.0
-705.0
-235.0
-200.0
-920.0
-875.0
-1190.0
-1150.0
-1200.0
-1160.0
-1210.0
-1170.0
-1220.0
-1180.0
-1230.0
-1190.0
-1240.0
-1200.0
-1250.0
-1210.0
-1135.0
-1100.0
-1145.0
-1105.0
-1155.0
-1115.0
-1165.0
-1125.0
-1175.0
-1135.0
-1180.0
-1145.0
-2160.0
-2105.0
-2185.0
-2130.0
-2210.0
-2155.0
-2135.0
-2080.0
-705.0
-670.0
-710.0
-675.0
-720.0
-680.0
-735.0
-690.0
-740.0
-705.0
-745.0
-710.0
-240.0
-205.0
-925.0
-880.0
-1195.0
-1155.0
-1205.0
-1165.0
-1215.0
-1175.0
-1225.0
-1185.0
-1235.0
-1195.0
-1245.0
-1205.0
-1255.0
-1215.0
-1140.0
-1105.0
-1150.0
-1110.0
-1160.0
-1120.0
-1170.0
-1130.0
-1180.0
-1140.0
-1185.0
-1150.0
-2165.0
-2110.0
-2190.0
-2135.0
-2215.0
-2160.0
-2140.0
-2085.0
-715.0
-680.0
-725.0
-685.0
-740.0
-695.0
-745.0
-710.0
-750.0
-715.0
-245.0
-210.0
-930.0
-885.0
-1200.0
-1160.0
-1210.0
-1170.0
-1220.0
-1180.0
-1230.0
-1190.0
-1240.0
-1200.0
-1250.0
-1210.0
-1260.0
-1220.0
-1145.0
-1110.0
-1155.0
-1115.0
-1165.0
-1125.0
-1175.0
-1135.0
-1185.0
-1145.0
-1190.0
-1155.0
-2170.0
-2115.0
-2195.0
-2140.0
-2220.0
-2165.0
-2145.0
-2090.0
-735.0
-690.0
-750.0
-700.0
-755.0
-715.0
-760.0
-720.0
-255.0
-215.0
-940.0
-890.0
-1210.0
-1165.0
-1220.0
-1175.0
-1230.0
-1185.0
-1240.0
-1195.0
-1250.0
-1205.0
-1260.0
-1215.0
-1270.0
-1225.0
-1155.0
-1115.0
-1165.0
-1120.0
-1175.0
-1130.0
-1185.0
-1140.0
-1195.0
-1150.0
-1200.0
-1160.0
-2180.0
-2120.0
-2205.0
-2145.0
-2230.0
-2170.0
-2155.0
-2095.0
-765.0
-710.0
-770.0
-725.0
-775.0
-730.0
-270.0
-225.0
-955.0
-900.0
-1225.0
-1175.0
-1235.0
-1185.0
-1245.0
-1195.0
-1255.0
-1205.0
-1265.0
-1215.0
-1275.0
-1225.0
-1285.0
-1235.0
-1170.0
-1125.0
-1180.0
-1130.0
-1190.0
-1140.0
-1200.0
-1150.0
-1210.0
-1160.0
-1215.0
-1170.0
-2195.0
-2130.0
-2220.0
-2155.0
-2245.0
-2180.0
-2170.0
-2105.0
-775.0
-740.0
-780.0
-745.0
-275.0
-240.0
-960.0
-915.0
-1230.0
-1190.0
-1240.0
-1200.0
-1250.0
-1210.0
-1260.0
-1220.0
-1270.0
-1230.0
-1280.0
-1240.0
-1290.0
-1250.0
-1175.0
-1140.0
-1185.0
-1145.0
-1195.0
-1155.0
-1205.0
-1165.0
-1215.0
-1175.0
-1220.0
-1185.0
-2200.0
-2145.0
-2225.0
-2170.0
-2250.0
-2195.0
-2175.0
-2120.0
-785.0
-750.0
-280.0
-245.0
-965.0
-920.0
-1235.0
-1195.0
-1245.0
-1205.0
-1255.0
-1215.0
-1265.0
-1225.0
-1275.0
-1235.0
-1285.0
-1245.0
-1295.0
-1255.0
-1180.0
-1145.0
-1190.0
-1150.0
-1200.0
-1160.0
-1210.0
-1170.0
-1220.0
-1180.0
-1225.0
-1190.0
-2205.0
-2150.0
-2230.0
-2175.0
-2255.0
-2200.0
-2180.0
-2125.0
225.0
260.0
-460.0
-415.0
-730.0
-690.0
-740.0
-700.0
-750.0
-710.0
-760.0
-720.0
-770.0
-730.0
-780.0
-740.0
-790.0
-750.0
-675.0
-640.0
-685.0
-645.0
-695.0
-655.0
-705.0
-665.0
-715.0
-675.0
-720.0
-685.0
-1700.0
-1645.0
-1725.0
-1670.0
-1750.0
-1695.0
-1675.0
-1620.0
-1145.0
-1090.0
-1415.0
-1365.0
-1425.0
-1375.0
-1435.0
-1385.0
-1445.0
-1395.0
-1455.0
-1405.0
-1465.0
-1415.0
-1475.0
-1425.0
-1360.0
-1315.0
-1370.0
-1320.0
-1380.0
-1330.0
-1390.0
-1340.0
-1400.0
-1350.0
-1405.0
-1360.0
-2385.0
-2320.0
-2410.0
-2345.0
-2435.0
-2370.0
-2360.0
-2295.0
-1685.0
-1640.0
-1695.0
-1650.0
-1705.0
-1660.0
-1715.0
-1670.0
-1725.0
-1680.0
-1735.0
-1690.0
-1745.0
-1700.0
-1630.0
-1590.0
-1640.0
-1595.0
-1650.0
-1605.0
-1660.0
-1615.0
-1670.0
-1625.0
-1675.0
-1635.0
-2655.0
-2595.0
-2680.0
-2620.0
-2705.0
-2645.0
-2630.0
-2570.0
-1705.0
-1660.0
-1715.0
-1670.0
-1725.0
-1680.0
-1735.0
-1690.0
-1745.0
-1700.0
-1755.0
-1710.0
-1640.0
-1600.0
-1650.0
-1605.0
-1660.0
-1615.0
-1670.0
-1625.0
-1680.0
-1635.0
-1685.0
-1645.0
-2665.0
-2605.0
-2690.0
-2630.0
-2715.0
-2655.0
-2640.0
-2580.0
-1725.0
-1680.0
-1735.0
-1690.0
-1745.0
-1700.0
-1755.0
-1710.0
-1765.0
-1720.0
-1650.0
-1610.0
-1660.0
-1615.0
-1670.0
-1625.0
-1680.0
-1635.0
-1690.0
-1645.0
-1695.0
-1655.0
-2675.0
-2615.0
-2700.0
-2640.0
-2725.0
-2665.0
-2650.0
-2590.0
-1745.0
-1700.0
-1755.0
-1710.0
-1765.0
-1720.0
-1775.0
-1730.0
-1660.0
-1620.0
-1670.0
-1625.0
-1680.0
-1635.0
-1690.0
-1645.0
-1700.0
-1655.0
-1705.0
-1665.0
-2685.0
-2625.0
-2710.0
-2650.0
-2735.0
-2675.0
-2660.0
-2600.0
-1765.0
-1720.0
-1775.0
-1730.0
-1785.0
-1740.0
-1670.0
-1630.0
-1680.0
-1635.0
-1690.0
-1645.0
-1700.0
-1655.0
-1710.0
-1665.0
-1715.0
-1675.0
-2695.0
-2635.0
-2720.0
-2660.0
-2745.0
-2685.0
-2670.0
-2610.0
-1785.0
-1740.0
-1795.0
-1750.0
-1680.0
-1640.0
-1690.0
-1645.0
-1700.0
-1655.0
-1710.0
-1665.0
-1720.0
-1675.0
-1725.0
-1685.0
-2705.0
-2645.0
-2730.0
-2670.0
-2755.0
-2695.0
-2680.0
-2620.0
-1805.0
-1760.0
-1690.0
-1650.0
-1700.0
-1655.0
-1710.0
-1665.0
-1720.0
-1675.0
-1730.0
-1685.0
-1735.0
-1695.0
-2715.0
-2655.0
-2740.0
-2680.0
-2765.0
-2705.0
-2690.0
-2630.0
-1575.0
-1540.0
-1585.0
-1545.0
-1595.0
-1555.0
-1605.0
-1565.0
-1615.0
-1575.0
-1620.0
-1585.0
-2600.0
-2545.0
-2625.0
-2570.0
-2650.0
-2595.0
-2575.0
-2520.0
-1595.0
-1550.0
-1605.0
-1560.0
-1615.0
-1570.0
-1625.0
-1580.0
-1630.0
-1590.0
-2610.0
-2550.0
-2635.0
-2575.0
-2660.0
-2600.0
-2585.0
-2525.0
-1615.0
-1570.0
-1625.0
-1580.0
-1635.0
-1590.0
-1640.0
-1600.0
-2620.0
-2560.0
-2645.0
-2585.0
-2670.0
-2610.0
-2595.0
-2535.0
-1635.0
-1590.0
-1645.0
-1600.0
-1650.0
-1610.0
-2630.0
-2570.0
-2655.0
-2595.0
-2680.0
-2620.0
-2605.0
-2545.0
-1655.0
-1610.0
-1660.0
-1620.0
-2640.0
-2580.0
-2665.0
-2605.0
-2690.0
-2630.0
-2615.0
-2555.0
-1665.0
-1630.0
-2645.0
-2590.0
-2670.0
-2615.0
-2695.0
-2640.0
-2620.0
-2565.0
-3625.0
-3550.0
-3650.0
-3575.0
-3675.0
-3600.0
-3600.0
-3525.0
-3675.0
-3600.0
-3700.0
-3625.0
-3625.0
-3550.0
-3725.0
-3650.0
-3650.0
-3575.0
-3575.0
-3500.0
