3569.0
3606.0
3563.0
3600.0
3557.0
3594.0
3581.0
3618.0
3575.0
3612.0
3552.0
3588.0
3547.0
3583.0
3437.0
3483.0
3423.0
3465.0
3413.0
3454.0
3411.5
3444.0
3409.0
3442.5
2368.0
2404.0
2363.0
2399.0
2358.0
2394.0
2353.0
2389.0
2348.0
2384.0
2343.0
2379.0
2338.0
2374.0
2333.0
2369.0
2328.0
2364.0
2323.0
2359.0
2318.0
2354.0
2313.0
2349.0
2308.0
2344.0
2183.0
2224.0
2178.0
2214.0
2173.0
2209.0
2168.0
2204.0
2163.0
2199.0
2158.0
2194.0
2148.0
2189.0
2133.0
2179.0
2128.0
2164.0
2123.0
2159.0
2628.0
2664.0
1943.0
1989.0
1673.0
1714.0
1663.0
1704.0
1653.0
1694.0
1643.0
1684.0
1633.0
1674.0
1623.0
1664.0
1613.0
1654.0
1728.0
1764.0
1718.0
1759.0
1708.0
1749.0
1698.0
1739.0
1688.0
1729.0
1683.0
1719.0
703.0
759.0
678.0
734.0
653.0
709.0
728.0
784.0
3569.0
3606.0
3563.0
3600.0
3587.0
3624.0
3581.0
3618.0
3558.0
3594.0
3553.0
3589.0
3443.0
3489.0
3429.0
3471.0
3419.0
3460.0
3417.5
3450.0
3415.0
3448.5
2374.0
2410.0
2369.0
2405.0
2364.0
2400.0
2359.0
2395.0
2354.0
2390.0
2349.0
2385.0
2344.0
2380.0
2339.0
2375.0
2334.0
2370.0
2329.0
2365.0
2324.0
2360.0
2319.0
2355.0
2314.0
2350.0
2189.0
2230.0
2184.0
2220.0
2179.0
2215.0
2174.0
2210.0
2169.0
2205.0
2164.0
2200.0
2154.0
2195.0
2139.0
2185.0
2134.0
2170.0
2129.0
2165.0
2634.0
2670.0
1949.0
1995.0
1679.0
1720.0
1669.0
1710.0
1659.0
1700.0
1649.0
1690.0
1639.0
1680.0
1629.0
1670.0
1619.0
1660.0
1734.0
1770.0
1724.0
1765.0
1714.0
1755.0
1704.0
1745.0
1694.0
1735.0
1689.0
1725.0
709.0
765.0
684.0
740.0
659.0
715.0
734.0
790.0
3569.0
3606.0
3593.0
3630.0
3587.0
3624.0
3564.0
3600.0
3559.0
3595.0
3449.0
3495.0
3435.0
3477.0
3425.0
3466.0
3423.5
3456.0
3421.0
3454.5
2380.0
2416.0
2375.0
2411.0
2370.0
2406.0
2365.0
2401.0
2360.0
2396.0
2355.0
2391.0
2350.0
2386.0
2345.0
2381.0
2340.0
2376.0
2335.0
2371.0
2330.0
2366.0
2325.0
2361.0
2320.0
2356.0
2195.0
2236.0
2190.0
2226.0
2185.0
2221.0
2180.0
2216.0
2175.0
2211.0
2170.0
2206.0
2160.0
2201.0
2145.0
2191.0
2140.0
2176.0
2135.0
2171.0
2640.0
2676.0
1955.0
2001.0
1685.0
1726.0
1675.0
1716.0
1665.0
1706.0
1655.0
1696.0
1645.0
1686.0
1635.0
1676.0
1625.0
1666.0
1740.0
1776.0
1730.0
1771.0
1720.0
1761.0
1710.0
1751.0
1700.0
1741.0
1695.0
1731.0
715.0
771.0
690.0
746.0
665.0
721.0
740.0
796.0
3569.0
3606.0
3563.0
3600.0
3540.0
3576.0
3535.0
3571.0
3425.0
3471.0
3411.0
3453.0
3401.0
3442.0
3399.5
3432.0
3397.0
3430.5
2356.0
2392.0
2351.0
2387.0
2346.0
2382.0
2341.0
2377.0
2336.0
2372.0
2331.0
2367.0
2326.0
2362.0
2321.0
2357.0
2316.0
2352.0
2311.0
2347.0
2306.0
2342.0
2301.0
2337.0
2296.0
2332.0
2171.0
2212.0
2166.0
2202.0
2161.0
2197.0
2156.0
2192.0
2151.0
2187.0
2146.0
2182.0
2136.0
2177.0
2121.0
2167.0
2116.0
2152.0
2111.0
2147.0
2616.0
2652.0
1931.0
1977.0
1661.0
1702.0
1651.0
1692.0
1641.0
1682.0
1631.0
1672.0
1621.0
1662.0
1611.0
1652.0
1601.0
1642.0
1716.0
1752.0
1706.0
1747.0
1696.0
1737.0
1686.0
1727.0
1676.0
1717.0
1671.0
1707.0
691.0
747.0
666.0
722.0
641.0
697.0
716.0
772.0
3569.0
3606.0
3546.0
3582.0
3541.0
3577.0
3431.0
3477.0
3417.0
3459.0
3407.0
3448.0
3405.5
3438.0
3403.0
3436.5
2362.0
2398.0
2357.0
2393.0
2352.0
2388.0
2347.0
2383.0
2342.0
2378.0
2337.0
2373.0
2332.0
2368.0
2327.0
2363.0
2322.0
2358.0
2317.0
2353.0
2312.0
2348.0
2307.0
2343.0
2302.0
2338.0
2177.0
2218.0
2172.0
2208.0
2167.0
2203.0
2162.0
2198.0
2157.0
2193.0
2152.0
2188.0
2142.0
2183.0
2127.0
2173.0
2122.0
2158.0
2117.0
2153.0
2622.0
2658.0
1937.0
1983.0
1667.0
1708.0
1657.0
1698.0
1647.0
1688.0
1637.0
1678.0
1627.0
1668.0
1617.0
1658.0
1607.0
1648.0
1722.0
1758.0
1712.0
1753.0
1702.0
1743.0
1692.0
1733.0
1682.0
1723.0
1677.0
1713.0
697.0
753.0
672.0
728.0
647.0
703.0
722.0
778.0
3570.0
3605.0
3565.0
3600.0
3455.0
3500.0
3441.0
3482.0
3431.0
3471.0
3429.5
3461.0
3427.0
3459.5
2386.0
2421.0
2381.0
2416.0
2376.0
2411.0
2371.0
2406.0
2366.0
2401.0
2361.0
2396.0
2356.0
2391.0
2351.0
2386.0
2346.0
2381.0
2341.0
2376.0
2336.0
2371.0
2331.0
2366.0
2326.0
2361.0
2201.0
2241.0
2196.0
2231.0
2191.0
2226.0
2186.0
2221.0
2181.0
2216.0
2176.0
2211.0
2166.0
2206.0
2151.0
2196.0
2146.0
2181.0
2141.0
2176.0
2646.0
2681.0
1961.0
2006.0
1691.0
1731.0
1681.0
1721.0
1671.0
1711.0
1661.0
1701.0
1651.0
1691.0
1641.0
1681.0
1631.0
1671.0
1746.0
1781.0
1736.0
1776.0
1726.0
1766.0
1716.0
1756.0
1706.0
1746.0
1701.0
1736.0
721.0
776.0
696.0
751.0
671.0
726.0
746.0
801.0
3570.0
3605.0
3460.0
3505.0
3446.0
3487.0
3436.0
3476.0
3434.5
3466.0
3432.0
3464.5
2391.0
2426.0
2386.0
2421.0
2381.0
2416.0
2376.0
2411.0
2371.0
2406.0
2366.0
2401.0
2361.0
2396.0
2356.0
2391.0
2351.0
2386.0
2346.0
2381.0
2341.0
2376.0
2336.0
2371.0
2331.0
2366.0
2206.0
2246.0
2201.0
2236.0
2196.0
2231.0
2191.0
2226.0
2186.0
2221.0
2181.0
2216.0
2171.0
2211.0
2156.0
2201.0
2151.0
2186.0
2146.0
2181.0
2651.0
2686.0
1966.0
2011.0
1696.0
1736.0
1686.0
1726.0
1676.0
1716.0
1666.0
1706.0
1656.0
1696.0
1646.0
1686.0
1636.0
1676.0
1751.0
1786.0
1741.0
1781.0
1731.0
1771.0
1721.0
1761.0
1711.0
1751.0
1706.0
1741.0
726.0
781.0
701.0
756.0
676.0
731.0
751.0
806.0
3560.0
3615.0
3546.0
3597.0
3536.0
3586.0
3534.5
3576.0
3532.0
3574.5
2491.0
2536.0
2486.0
2531.0
2481.0
2526.0
2476.0
2521.0
2471.0
2516.0
2466.0
2511.0
2461.0
2506.0
2456.0
2501.0
2451.0
2496.0
2446.0
2491.0
2441.0
2486.0
2436.0
2481.0
2431.0
2476.0
2306.0
2356.0
2301.0
2346.0
2296.0
2341.0
2291.0
2336.0
2286.0
2331.0
2281.0
2326.0
2271.0
2321.0
2256.0
2311.0
2251.0
2296.0
2246.0
2291.0
2751.0
2796.0
2066.0
2121.0
1796.0
1846.0
1786.0
1836.0
1776.0
1826.0
1766.0
1816.0
1756.0
1806.0
1746.0
1796.0
1736.0
1786.0
1851.0
1896.0
1841.0
1891.0
1831.0
1881.0
1821.0
1871.0
1811.0
1861.0
1806.0
1851.0
826.0
891.0
801.0
866.0
776.0
841.0
851.0
916.0
3564.0
3611.0
3554.0
3600.0
3552.5
3590.0
3550.0
3588.5
2509.0
2550.0
2504.0
2545.0
2499.0
2540.0
2494.0
2535.0
2489.0
2530.0
2484.0
2525.0
2479.0
2520.0
2474.0
2515.0
2469.0
2510.0
2464.0
2505.0
2459.0
2500.0
2454.0
2495.0
2449.0
2490.0
2324.0
2370.0
2319.0
2360.0
2314.0
2355.0
2309.0
2350.0
2304.0
2345.0
2299.0
2340.0
2289.0
2335.0
2274.0
2325.0
2269.0
2310.0
2264.0
2305.0
2769.0
2810.0
2084.0
2135.0
1814.0
1860.0
1804.0
1850.0
1794.0
1840.0
1784.0
1830.0
1774.0
1820.0
1764.0
1810.0
1754.0
1800.0
1869.0
1910.0
1859.0
1905.0
1849.0
1895.0
1839.0
1885.0
1829.0
1875.0
1824.0
1865.0
844.0
905.0
819.0
880.0
794.0
855.0
869.0
930.0
3565.0
3610.0
3563.5
3600.0
3561.0
3598.5
2520.0
2560.0
2515.0
2555.0
2510.0
2550.0
2505.0
2545.0
2500.0
2540.0
2495.0
2535.0
2490.0
2530.0
2485.0
2525.0
2480.0
2520.0
2475.0
2515.0
2470.0
2510.0
2465.0
2505.0
2460.0
2500.0
2335.0
2380.0
2330.0
2370.0
2325.0
2365.0
2320.0
2360.0
2315.0
2355.0
2310.0
2350.0
2300.0
2345.0
2285.0
2335.0
2280.0
2320.0
2275.0
2315.0
2780.0
2820.0
2095.0
2145.0
1825.0
1870.0
1815.0
1860.0
1805.0
1850.0
1795.0
1840.0
1785.0
1830.0
1775.0
1820.0
1765.0
1810.0
1880.0
1920.0
1870.0
1915.0
1860.0
1905.0
1850.0
1895.0
1840.0
1885.0
1835.0
1875.0
855.0
915.0
830.0
890.0
805.0
865.0
880.0
940.0
3573.5
3601.5
3571.0
3600.0
2530.0
2561.5
2525.0
2556.5
2520.0
2551.5
2515.0
2546.5
2510.0
2541.5
2505.0
2536.5
2500.0
2531.5
2495.0
2526.5
2490.0
2521.5
2485.0
2516.5
2480.0
2511.5
2475.0
2506.5
2470.0
2501.5
2345.0
2381.5
2340.0
2371.5
2335.0
2366.5
2330.0
2361.5
2325.0
2356.5
2320.0
2351.5
2310.0
2346.5
2295.0
2336.5
2290.0
2321.5
2285.0
2316.5
2790.0
2821.5
2105.0
2146.5
1835.0
1871.5
1825.0
1861.5
1815.0
1851.5
1805.0
1841.5
1795.0
1831.5
1785.0
1821.5
1775.0
1811.5
1890.0
1921.5
1880.0
1916.5
1870.0
1906.5
1860.0
1896.5
1850.0
1886.5
1845.0
1876.5
865.0
916.5
840.0
891.5
815.0
866.5
890.0
941.5
3572.5
3602.5
2531.5
2564.0
2526.5
2559.0
2521.5
2554.0
2516.5
2549.0
2511.5
2544.0
2506.5
2539.0
2501.5
2534.0
2496.5
2529.0
2491.5
2524.0
2486.5
2519.0
2481.5
2514.0
2476.5
2509.0
2471.5
2504.0
2346.5
2384.0
2341.5
2374.0
2336.5
2369.0
2331.5
2364.0
2326.5
2359.0
2321.5
2354.0
2311.5
2349.0
2296.5
2339.0
2291.5
2324.0
2286.5
2319.0
2791.5
2824.0
2106.5
2149.0
1836.5
1874.0
1826.5
1864.0
1816.5
1854.0
1806.5
1844.0
1796.5
1834.0
1786.5
1824.0
1776.5
1814.0
1891.5
1924.0
1881.5
1919.0
1871.5
1909.0
1861.5
1899.0
1851.5
1889.0
1846.5
1879.0
866.5
919.0
841.5
894.0
816.5
869.0
891.5
944.0
3570.0
3605.0
3565.0
3600.0
3560.0
3595.0
3555.0
3590.0
3550.0
3585.0
3545.0
3580.0
3540.0
3575.0
3535.0
3570.0
3530.0
3565.0
3525.0
3560.0
3520.0
3555.0
3515.0
3550.0
3510.0
3545.0
3385.0
3425.0
3380.0
3415.0
3375.0
3410.0
3370.0
3405.0
3365.0
3400.0
3360.0
3395.0
3350.0
3390.0
3335.0
3380.0
3330.0
3365.0
3325.0
3360.0
3830.0
3865.0
3145.0
3190.0
2875.0
2915.0
2865.0
2905.0
2855.0
2895.0
2845.0
2885.0
2835.0
2875.0
2825.0
2865.0
2815.0
2855.0
2930.0
2965.0
2920.0
2960.0
2910.0
2950.0
2900.0
2940.0
2890.0
2930.0
2885.0
2920.0
1905.0
1960.0
1880.0
1935.0
1855.0
1910.0
1930.0
1985.0
3570.0
3605.0
3565.0
3600.0
3560.0
3595.0
3555.0
3590.0
3550.0
3585.0
3545.0
3580.0
3540.0
3575.0
3535.0
3570.0
3530.0
3565.0
3525.0
3560.0
3520.0
3555.0
3515.0
3550.0
3390.0
3430.0
3385.0
3420.0
3380.0
3415.0
3375.0
3410.0
3370.0
3405.0
3365.0
3400.0
3355.0
3395.0
3340.0
3385.0
3335.0
3370.0
3330.0
3365.0
3835.0
3870.0
3150.0
3195.0
2880.0
2920.0
2870.0
2910.0
2860.0
2900.0
2850.0
2890.0
2840.0
2880.0
2830.0
2870.0
2820.0
2860.0
2935.0
2970.0
2925.0
2965.0
2915.0
2955.0
2905.0
2945.0
2895.0
2935.0
2890.0
2925.0
1910.0
1965.0
1885.0
1940.0
1860.0
1915.0
1935.0
1990.0
3570.0
3605.0
3565.0
3600.0
3560.0
3595.0
3555.0
3590.0
3550.0
3585.0
3545.0
3580.0
3540.0
3575.0
3535.0
3570.0
3530.0
3565.0
3525.0
3560.0
3520.0
3555.0
3395.0
3435.0
3390.0
3425.0
3385.0
3420.0
3380.0
3415.0
3375.0
3410.0
3370.0
3405.0
3360.0
3400.0
3345.0
3390.0
3340.0
3375.0
3335.0
3370.0
3840.0
3875.0
3155.0
3200.0
2885.0
2925.0
2875.0
2915.0
2865.0
2905.0
2855.0
2895.0
2845.0
2885.0
2835.0
2875.0
2825.0
2865.0
2940.0
2975.0
2930.0
2970.0
2920.0
2960.0
2910.0
2950.0
2900.0
2940.0
2895.0
2930.0
1915.0
1970.0
1890.0
1945.0
1865.0
1920.0
1940.0
1995.0
3570.0
3605.0
3565.0
3600.0
3560.0
3595.0
3555.0
3590.0
3550.0
3585.0
3545.0
3580.0
3540.0
3575.0
3535.0
3570.0
3530.0
3565.0
3525.0
3560.0
3400.0
3440.0
3395.0
3430.0
3390.0
3425.0
3385.0
3420.0
3380.0
3415.0
3375.0
3410.0
3365.0
3405.0
3350.0
3395.0
3345.0
3380.0
3340.0
3375.0
3845.0
3880.0
3160.0
3205.0
2890.0
2930.0
2880.0
2920.0
2870.0
2910.0
2860.0
2900.0
2850.0
2890.0
2840.0
2880.0
2830.0
2870.0
2945.0
2980.0
2935.0
2975.0
2925.0
2965.0
2915.0
2955.0
2905.0
2945.0
2900.0
2935.0
1920.0
1975.0
1895.0
1950.0
1870.0
1925.0
1945.0
2000.0
3570.0
3605.0
3565.0
3600.0
3560.0
3595.0
3555.0
3590.0
3550.0
3585.0
3545.0
3580.0
3540.0
3575.0
3535.0
3570.0
3530.0
3565.0
3405.0
3445.0
3400.0
3435.0
3395.0
3430.0
3390.0
3425.0
3385.0
3420.0
3380.0
3415.0
3370.0
3410.0
3355.0
3400.0
3350.0
3385.0
3345.0
3380.0
3850.0
3885.0
3165.0
3210.0
2895.0
2935.0
2885.0
2925.0
2875.0
2915.0
2865.0
2905.0
2855.0
2895.0
2845.0
2885.0
2835.0
2875.0
2950.0
2985.0
2940.0
2980.0
2930.0
2970.0
2920.0
2960.0
2910.0
2950.0
2905.0
2940.0
1925.0
1980.0
1900.0
1955.0
1875.0
1930.0
1950.0
2005.0
3570.0
3605.0
3565.0
3600.0
3560.0
3595.0
3555.0
3590.0
3550.0
3585.0
3545.0
3580.0
3540.0
3575.0
3535.0
3570.0
3410.0
3450.0
3405.0
3440.0
3400.0
3435.0
3395.0
3430.0
3390.0
3425.0
3385.0
3420.0
3375.0
3415.0
3360.0
3405.0
3355.0
3390.0
3350.0
3385.0
3855.0
3890.0
3170.0
3215.0
2900.0
2940.0
2890.0
2930.0
2880.0
2920.0
2870.0
2910.0
2860.0
2900.0
2850.0
2890.0
2840.0
2880.0
2955.0
2990.0
2945.0
2985.0
2935.0
2975.0
2925.0
2965.0
2915.0
2955.0
2910.0
2945.0
1930.0
1985.0
1905.0
1960.0
1880.0
1935.0
1955.0
2010.0
3570.0
3605.0
3565.0
3600.0
3560.0
3595.0
3555.0
3590.0
3550.0
3585.0
3545.0
3580.0
3540.0
3575.0
3415.0
3455.0
3410.0
3445.0
3405.0
3440.0
3400.0
3435.0
3395.0
3430.0
3390.0
3425.0
3380.0
3420.0
3365.0
3410.0
3360.0
3395.0
3355.0
3390.0
3860.0
3895.0
3175.0
3220.0
2905.0
2945.0
2895.0
2935.0
2885.0
2925.0
2875.0
2915.0
2865.0
2905.0
2855.0
2895.0
2845.0
2885.0
2960.0
2995.0
2950.0
2990.0
2940.0
2980.0
2930.0
2970.0
2920.0
2960.0
2915.0
2950.0
1935.0
1990.0
1910.0
1965.0
1885.0
1940.0
1960.0
2015.0
3570.0
3605.0
3565.0
3600.0
3560.0
3595.0
3555.0
3590.0
3550.0
3585.0
3545.0
3580.0
3420.0
3460.0
3415.0
3450.0
3410.0
3445.0
3405.0
3440.0
3400.0
3435.0
3395.0
3430.0
3385.0
3425.0
3370.0
3415.0
3365.0
3400.0
3360.0
3395.0
3865.0
3900.0
3180.0
3225.0
2910.0
2950.0
2900.0
2940.0
2890.0
2930.0
2880.0
2920.0
2870.0
2910.0
2860.0
2900.0
2850.0
2890.0
2965.0
3000.0
2955.0
2995.0
2945.0
2985.0
2935.0
2975.0
2925.0
2965.0
2920.0
2955.0
1940.0
1995.0
1915.0
1970.0
1890.0
1945.0
1965.0
2020.0
3570.0
3605.0
3565.0
3600.0
3560.0
3595.0
3555.0
3590.0
3550.0
3585.0
3425.0
3465.0
3420.0
3455.0
3415.0
3450.0
3410.0
3445.0
3405.0
3440.0
3400.0
3435.0
3390.0
3430.0
3375.0
3420.0
3370.0
3405.0
3365.0
3400.0
3870.0
3905.0
3185.0
3230.0
2915.0
2955.0
2905.0
2945.0
2895.0
2935.0
2885.0
2925.0
2875.0
2915.0
2865.0
2905.0
2855.0
2895.0
2970.0
3005.0
2960.0
3000.0
2950.0
2990.0
2940.0
2980.0
2930.0
2970.0
2925.0
2960.0
1945.0
2000.0
1920.0
1975.0
1895.0
1950.0
1970.0
2025.0
3570.0
3605.0
3565.0
3600.0
3560.0
3595.0
3555.0
3590.0
3430.0
3470.0
3425.0
3460.0
3420.0
3455.0
3415.0
3450.0
3410.0
3445.0
3405.0
3440.0
3395.0
3435.0
3380.0
3425.0
3375.0
3410.0
3370.0
3405.0
3875.0
3910.0
3190.0
3235.0
2920.0
2960.0
2910.0
2950.0
2900.0
2940.0
2890.0
2930.0
2880.0
2920.0
2870.0
2910.0
2860.0
2900.0
2975.0
3010.0
2965.0
3005.0
2955.0
2995.0
2945.0
2985.0
2935.0
2975.0
2930.0
2965.0
1950.0
2005.0
1925.0
1980.0
1900.0
1955.0
1975.0
2030.0
3570.0
3605.0
3565.0
3600.0
3560.0
3595.0
3435.0
3475.0
3430.0
3465.0
3425.0
3460.0
3420.0
3455.0
3415.0
3450.0
3410.0
3445.0
3400.0
3440.0
3385.0
3430.0
3380.0
3415.0
3375.0
3410.0
3880.0
3915.0
3195.0
3240.0
2925.0
2965.0
2915.0
2955.0
2905.0
2945.0
2895.0
2935.0
2885.0
2925.0
2875.0
2915.0
2865.0
2905.0
2980.0
3015.0
2970.0
3010.0
2960.0
3000.0
2950.0
2990.0
2940.0
2980.0
2935.0
2970.0
1955.0
2010.0
1930.0
1985.0
1905.0
1960.0
1980.0
2035.0
3570.0
3605.0
3565.0
3600.0
3440.0
3480.0
3435.0
3470.0
3430.0
3465.0
3425.0
3460.0
3420.0
3455.0
3415.0
3450.0
3405.0
3445.0
3390.0
3435.0
3385.0
3420.0
3380.0
3415.0
3885.0
3920.0
3200.0
3245.0
2930.0
2970.0
2920.0
2960.0
2910.0
2950.0
2900.0
2940.0
2890.0
2930.0
2880.0
2920.0
2870.0
2910.0
2985.0
3020.0
2975.0
3015.0
2965.0
3005.0
2955.0
2995.0
2945.0
2985.0
2940.0
2975.0
1960.0
2015.0
1935.0
1990.0
1910.0
1965.0
1985.0
2040.0
3570.0
3605.0
3445.0
3485.0
3440.0
3475.0
3435.0
3470.0
3430.0
3465.0
3425.0
3460.0
3420.0
3455.0
3410.0
3450.0
3395.0
3440.0
3390.0
3425.0
3385.0
3420.0
3890.0
3925.0
3205.0
3250.0
2935.0
2975.0
2925.0
2965.0
2915.0
2955.0
2905.0
2945.0
2895.0
2935.0
2885.0
2925.0
2875.0
2915.0
2990.0
3025.0
2980.0
3020.0
2970.0
3010.0
2960.0
3000.0
2950.0
2990.0
2945.0
2980.0
1965.0
2020.0
1940.0
1995.0
1915.0
1970.0
1990.0
2045.0
3565.0
3610.0
3560.0
3600.0
3555.0
3595.0
3550.0
3590.0
3545.0
3585.0
3540.0
3580.0
3530.0
3575.0
3515.0
3565.0
3510.0
3550.0
3505.0
3545.0
4010.0
4050.0
3325.0
3375.0
3055.0
3100.0
3045.0
3090.0
3035.0
3080.0
3025.0
3070.0
3015.0
3060.0
3005.0
3050.0
2995.0
3040.0
3110.0
3150.0
3100.0
3145.0
3090.0
3135.0
3080.0
3125.0
3070.0
3115.0
3065.0
3105.0
2085.0
2145.0
2060.0
2120.0
2035.0
2095.0
2110.0
2170.0
3570.0
3605.0
3565.0
3600.0
3560.0
3595.0
3555.0
3590.0
3550.0
3585.0
3540.0
3580.0
3525.0
3570.0
3520.0
3555.0
3515.0
3550.0
4020.0
4055.0
3335.0
3380.0
3065.0
3105.0
3055.0
3095.0
3045.0
3085.0
3035.0
3075.0
3025.0
3065.0
3015.0
3055.0
3005.0
3045.0
3120.0
3155.0
3110.0
3150.0
3100.0
3140.0
3090.0
3130.0
3080.0
3120.0
3075.0
3110.0
2095.0
2150.0
2070.0
2125.0
2045.0
2100.0
2120.0
2175.0
3570.0
3605.0
3565.0
3600.0
3560.0
3595.0
3555.0
3590.0
3545.0
3585.0
3530.0
3575.0
3525.0
3560.0
3520.0
3555.0
4025.0
4060.0
3340.0
3385.0
3070.0
3110.0
3060.0
3100.0
3050.0
3090.0
3040.0
3080.0
3030.0
3070.0
3020.0
3060.0
3010.0
3050.0
3125.0
3160.0
3115.0
3155.0
3105.0
3145.0
3095.0
3135.0
3085.0
3125.0
3080.0
3115.0
2100.0
2155.0
2075.0
2130.0
2050.0
2105.0
2125.0
2180.0
3570.0
3605.0
3565.0
3600.0
3560.0
3595.0
3550.0
3590.0
3535.0
3580.0
3530.0
3565.0
3525.0
3560.0
4030.0
4065.0
3345.0
3390.0
3075.0
3115.0
3065.0
3105.0
3055.0
3095.0
3045.0
3085.0
3035.0
3075.0
3025.0
3065.0
3015.0
3055.0
3130.0
3165.0
3120.0
3160.0
3110.0
3150.0
3100.0
3140.0
3090.0
3130.0
3085.0
3120.0
2105.0
2160.0
2080.0
2135.0
2055.0
2110.0
2130.0
2185.0
3570.0
3605.0
3565.0
3600.0
3555.0
3595.0
3540.0
3585.0
3535.0
3570.0
3530.0
3565.0
4035.0
4070.0
3350.0
3395.0
3080.0
3120.0
3070.0
3110.0
3060.0
3100.0
3050.0
3090.0
3040.0
3080.0
3030.0
3070.0
3020.0
3060.0
3135.0
3170.0
3125.0
3165.0
3115.0
3155.0
3105.0
3145.0
3095.0
3135.0
3090.0
3125.0
2110.0
2165.0
2085.0
2140.0
2060.0
2115.0
2135.0
2190.0
3570.0
3605.0
3560.0
3600.0
3545.0
3590.0
3540.0
3575.0
3535.0
3570.0
4040.0
4075.0
3355.0
3400.0
3085.0
3125.0
3075.0
3115.0
3065.0
3105.0
3055.0
3095.0
3045.0
3085.0
3035.0
3075.0
3025.0
3065.0
3140.0
3175.0
3130.0
3170.0
3120.0
3160.0
3110.0
3150.0
3100.0
3140.0
3095.0
3130.0
2115.0
2170.0
2090.0
2145.0
2065.0
2120.0
2140.0
2195.0
3565.0
3610.0
3550.0
3600.0
3545.0
3585.0
3540.0
3580.0
4045.0
4085.0
3360.0
3410.0
3090.0
3135.0
3080.0
3125.0
3070.0
3115.0
3060.0
3105.0
3050.0
3095.0
3040.0
3085.0
3030.0
3075.0
3145.0
3185.0
3135.0
3180.0
3125.0
3170.0
3115.0
3160.0
3105.0
3150.0
3100.0
3140.0
2120.0
2180.0
2095.0
2155.0
2070.0
2130.0
2145.0
2205.0
3560.0
3615.0
3555.0
3600.0
3550.0
3595.0
4055.0
4100.0
3370.0
3425.0
3100.0
3150.0
3090.0
3140.0
3080.0
3130.0
3070.0
3120.0
3060.0
3110.0
3050.0
3100.0
3040.0
3090.0
3155.0
3200.0
3145.0
3195.0
3135.0
3185.0
3125.0
3175.0
3115.0
3165.0
3110.0
3155.0
2130.0
2195.0
2105.0
2170.0
2080.0
2145.0
2155.0
2220.0
3570.0
3605.0
3565.0
3600.0
4070.0
4105.0
3385.0
3430.0
3115.0
3155.0
3105.0
3145.0
3095.0
3135.0
3085.0
3125.0
3075.0
3115.0
3065.0
3105.0
3055.0
3095.0
3170.0
3205.0
3160.0
3200.0
3150.0
3190.0
3140.0
3180.0
3130.0
3170.0
3125.0
3160.0
2145.0
2200.0
2120.0
2175.0
2095.0
2150.0
2170.0
2225.0
3570.0
3605.0
4075.0
4110.0
3390.0
3435.0
3120.0
3160.0
3110.0
3150.0
3100.0
3140.0
3090.0
3130.0
3080.0
3120.0
3070.0
3110.0
3060.0
3100.0
3175.0
3210.0
3165.0
3205.0
3155.0
3195.0
3145.0
3185.0
3135.0
3175.0
3130.0
3165.0
2150.0
2205.0
2125.0
2180.0
2100.0
2155.0
2175.0
2230.0
3570.0
3605.0
2885.0
2930.0
2615.0
2655.0
2605.0
2645.0
2595.0
2635.0
2585.0
2625.0
2575.0
2615.0
2565.0
2605.0
2555.0
2595.0
2670.0
2705.0
2660.0
2700.0
2650.0
2690.0
2640.0
2680.0
2630.0
2670.0
2625.0
2660.0
1645.0
1700.0
1620.0
1675.0
1595.0
1650.0
1670.0
1725.0
3560.0
3615.0
3290.0
3340.0
3280.0
3330.0
3270.0
3320.0
3260.0
3310.0
3250.0
3300.0
3240.0
3290.0
3230.0
3280.0
3345.0
3390.0
3335.0
3385.0
3325.0
3375.0
3315.0
3365.0
3305.0
3355.0
3300.0
3345.0
2320.0
2385.0
2295.0
2360.0
2270.0
2335.0
2345.0
2410.0
3565.0
3610.0
3555.0
3600.0
3545.0
3590.0
3535.0
3580.0
3525.0
3570.0
3515.0
3560.0
3505.0
3550.0
3620.0
3660.0
3610.0
3655.0
3600.0
3645.0
3590.0
3635.0
3580.0
3625.0
3575.0
3615.0
2595.0
2655.0
2570.0
2630.0
2545.0
2605.0
2620.0
2680.0
3565.0
3610.0
3555.0
3600.0
3545.0
3590.0
3535.0
3580.0
3525.0
3570.0
3515.0
3560.0
3630.0
3670.0
3620.0
3665.0
3610.0
3655.0
3600.0
3645.0
3590.0
3635.0
3585.0
3625.0
2605.0
2665.0
2580.0
2640.0
2555.0
2615.0
2630.0
2690.0
3565.0
3610.0
3555.0
3600.0
3545.0
3590.0
3535.0
3580.0
3525.0
3570.0
3640.0
3680.0
3630.0
3675.0
3620.0
3665.0
3610.0
3655.0
3600.0
3645.0
3595.0
3635.0
2615.0
2675.0
2590.0
2650.0
2565.0
2625.0
2640.0
2700.0
3565.0
3610.0
3555.0
3600.0
3545.0
3590.0
3535.0
3580.0
3650.0
3690.0
3640.0
3685.0
3630.0
3675.0
3620.0
3665.0
3610.0
3655.0
3605.0
3645.0
2625.0
2685.0
2600.0
2660.0
2575.0
2635.0
2650.0
2710.0
3565.0
3610.0
3555.0
3600.0
3545.0
3590.0
3660.0
3700.0
3650.0
3695.0
3640.0
3685.0
3630.0
3675.0
3620.0
3665.0
3615.0
3655.0
2635.0
2695.0
2610.0
2670.0
2585.0
2645.0
2660.0
2720.0
3565.0
3610.0
3555.0
3600.0
3670.0
3710.0
3660.0
3705.0
3650.0
3695.0
3640.0
3685.0
3630.0
3675.0
3625.0
3665.0
2645.0
2705.0
2620.0
2680.0
2595.0
2655.0
2670.0
2730.0
3565.0
3610.0
3680.0
3720.0
3670.0
3715.0
3660.0
3705.0
3650.0
3695.0
3640.0
3685.0
3635.0
3675.0
2655.0
2715.0
2630.0
2690.0
2605.0
2665.0
2680.0
2740.0
3570.0
3605.0
3560.0
3600.0
3550.0
3590.0
3540.0
3580.0
3530.0
3570.0
3525.0
3560.0
2545.0
2600.0
2520.0
2575.0
2495.0
2550.0
2570.0
2625.0
3565.0
3610.0
3555.0
3600.0
3545.0
3590.0
3535.0
3580.0
3530.0
3570.0
2550.0
2610.0
2525.0
2585.0
2500.0
2560.0
2575.0
2635.0
3565.0
3610.0
3555.0
3600.0
3545.0
3590.0
3540.0
3580.0
2560.0
2620.0
2535.0
2595.0
2510.0
2570.0
2585.0
2645.0
3565.0
3610.0
3555.0
3600.0
3550.0
3590.0
2570.0
2630.0
2545.0
2605.0
2520.0
2580.0
2595.0
2655.0
3565.0
3610.0
3560.0
3600.0
2580.0
2640.0
2555.0
2615.0
2530.0
2590.0
2605.0
2665.0
3570.0
3605.0
2590.0
2645.0
2565.0
2620.0
2540.0
2595.0
2615.0
2670.0
3550.0
3625.0
3525.0
3600.0
3500.0
3575.0
3575.0
3650.0
3550.0
3625.0
3525.0
3600.0
3600.0
3675.0
3550.0
3625.0
3625.0
3700.0
3550.0
3625.0
