5056.0
5093.0
5062.0
5099.0
5068.0
5105.0
5044.0
5081.0
5050.0
5087.0
5074.0
5110.0
5079.0
5115.0
5179.0
5225.0
5197.0
5239.0
5208.0
5249.0
5218.0
5250.5
5219.5
5253.0
6258.0
6294.0
6263.0
6299.0
6268.0
6304.0
6273.0
6309.0
6278.0
6314.0
6283.0
6319.0
6288.0
6324.0
6293.0
6329.0
6298.0
6334.0
6303.0
6339.0
6308.0
6344.0
6313.0
6349.0
6318.0
6354.0
6438.0
6479.0
6448.0
6484.0
6453.0
6489.0
6458.0
6494.0
6463.0
6499.0
6468.0
6504.0
6473.0
6514.0
6483.0
6529.0
6498.0
6534.0
6503.0
6539.0
5998.0
6034.0
6673.0
6719.0
6948.0
6989.0
6958.0
6999.0
6968.0
7009.0
6978.0
7019.0
6988.0
7029.0
6998.0
7039.0
7008.0
7049.0
6898.0
6934.0
6903.0
6944.0
6913.0
6954.0
6923.0
6964.0
6933.0
6974.0
6943.0
6979.0
7903.0
7959.0
7928.0
7984.0
7953.0
8009.0
7878.0
7934.0
5068.0
5105.0
5074.0
5111.0
5050.0
5087.0
5056.0
5093.0
5080.0
5116.0
5085.0
5121.0
5185.0
5231.0
5203.0
5245.0
5214.0
5255.0
5224.0
5256.5
5225.5
5259.0
6264.0
6300.0
6269.0
6305.0
6274.0
6310.0
6279.0
6315.0
6284.0
6320.0
6289.0
6325.0
6294.0
6330.0
6299.0
6335.0
6304.0
6340.0
6309.0
6345.0
6314.0
6350.0
6319.0
6355.0
6324.0
6360.0
6444.0
6485.0
6454.0
6490.0
6459.0
6495.0
6464.0
6500.0
6469.0
6505.0
6474.0
6510.0
6479.0
6520.0
6489.0
6535.0
6504.0
6540.0
6509.0
6545.0
6004.0
6040.0
6679.0
6725.0
6954.0
6995.0
6964.0
7005.0
6974.0
7015.0
6984.0
7025.0
6994.0
7035.0
7004.0
7045.0
7014.0
7055.0
6904.0
6940.0
6909.0
6950.0
6919.0
6960.0
6929.0
6970.0
6939.0
6980.0
6949.0
6985.0
7909.0
7965.0
7934.0
7990.0
7959.0
8015.0
7884.0
7940.0
5080.0
5117.0
5056.0
5093.0
5062.0
5099.0
5086.0
5122.0
5091.0
5127.0
5191.0
5237.0
5209.0
5251.0
5220.0
5261.0
5230.0
5262.5
5231.5
5265.0
6270.0
6306.0
6275.0
6311.0
6280.0
6316.0
6285.0
6321.0
6290.0
6326.0
6295.0
6331.0
6300.0
6336.0
6305.0
6341.0
6310.0
6346.0
6315.0
6351.0
6320.0
6356.0
6325.0
6361.0
6330.0
6366.0
6450.0
6491.0
6460.0
6496.0
6465.0
6501.0
6470.0
6506.0
6475.0
6511.0
6480.0
6516.0
6485.0
6526.0
6495.0
6541.0
6510.0
6546.0
6515.0
6551.0
6010.0
6046.0
6685.0
6731.0
6960.0
7001.0
6970.0
7011.0
6980.0
7021.0
6990.0
7031.0
7000.0
7041.0
7010.0
7051.0
7020.0
7061.0
6910.0
6946.0
6915.0
6956.0
6925.0
6966.0
6935.0
6976.0
6945.0
6986.0
6955.0
6991.0
7915.0
7971.0
7940.0
7996.0
7965.0
8021.0
7890.0
7946.0
5032.0
5069.0
5038.0
5075.0
5062.0
5098.0
5067.0
5103.0
5167.0
5213.0
5185.0
5227.0
5196.0
5237.0
5206.0
5238.5
5207.5
5241.0
6246.0
6282.0
6251.0
6287.0
6256.0
6292.0
6261.0
6297.0
6266.0
6302.0
6271.0
6307.0
6276.0
6312.0
6281.0
6317.0
6286.0
6322.0
6291.0
6327.0
6296.0
6332.0
6301.0
6337.0
6306.0
6342.0
6426.0
6467.0
6436.0
6472.0
6441.0
6477.0
6446.0
6482.0
6451.0
6487.0
6456.0
6492.0
6461.0
6502.0
6471.0
6517.0
6486.0
6522.0
6491.0
6527.0
5986.0
6022.0
6661.0
6707.0
6936.0
6977.0
6946.0
6987.0
6956.0
6997.0
6966.0
7007.0
6976.0
7017.0
6986.0
7027.0
6996.0
7037.0
6886.0
6922.0
6891.0
6932.0
6901.0
6942.0
6911.0
6952.0
6921.0
6962.0
6931.0
6967.0
7891.0
7947.0
7916.0
7972.0
7941.0
7997.0
7866.0
7922.0
5044.0
5081.0
5068.0
5104.0
5073.0
5109.0
5173.0
5219.0
5191.0
5233.0
5202.0
5243.0
5212.0
5244.5
5213.5
5247.0
6252.0
6288.0
6257.0
6293.0
6262.0
6298.0
6267.0
6303.0
6272.0
6308.0
6277.0
6313.0
6282.0
6318.0
6287.0
6323.0
6292.0
6328.0
6297.0
6333.0
6302.0
6338.0
6307.0
6343.0
6312.0
6348.0
6432.0
6473.0
6442.0
6478.0
6447.0
6483.0
6452.0
6488.0
6457.0
6493.0
6462.0
6498.0
6467.0
6508.0
6477.0
6523.0
6492.0
6528.0
6497.0
6533.0
5992.0
6028.0
6667.0
6713.0
6942.0
6983.0
6952.0
6993.0
6962.0
7003.0
6972.0
7013.0
6982.0
7023.0
6992.0
7033.0
7002.0
7043.0
6892.0
6928.0
6897.0
6938.0
6907.0
6948.0
6917.0
6958.0
6927.0
6968.0
6937.0
6973.0
7897.0
7953.0
7922.0
7978.0
7947.0
8003.0
7872.0
7928.0
5092.0
5127.0
5097.0
5132.0
5197.0
5242.0
5215.0
5256.0
5226.0
5266.0
5236.0
5267.5
5237.5
5270.0
6276.0
6311.0
6281.0
6316.0
6286.0
6321.0
6291.0
6326.0
6296.0
6331.0
6301.0
6336.0
6306.0
6341.0
6311.0
6346.0
6316.0
6351.0
6321.0
6356.0
6326.0
6361.0
6331.0
6366.0
6336.0
6371.0
6456.0
6496.0
6466.0
6501.0
6471.0
6506.0
6476.0
6511.0
6481.0
6516.0
6486.0
6521.0
6491.0
6531.0
6501.0
6546.0
6516.0
6551.0
6521.0
6556.0
6016.0
6051.0
6691.0
6736.0
6966.0
7006.0
6976.0
7016.0
6986.0
7026.0
6996.0
7036.0
7006.0
7046.0
7016.0
7056.0
7026.0
7066.0
6916.0
6951.0
6921.0
6961.0
6931.0
6971.0
6941.0
6981.0
6951.0
6991.0
6961.0
6996.0
7921.0
7976.0
7946.0
8001.0
7971.0
8026.0
7896.0
7951.0
5102.0
5137.0
5202.0
5247.0
5220.0
5261.0
5231.0
5271.0
5241.0
5272.5
5242.5
5275.0
6281.0
6316.0
6286.0
6321.0
6291.0
6326.0
6296.0
6331.0
6301.0
6336.0
6306.0
6341.0
6311.0
6346.0
6316.0
6351.0
6321.0
6356.0
6326.0
6361.0
6331.0
6366.0
6336.0
6371.0
6341.0
6376.0
6461.0
6501.0
6471.0
6506.0
6476.0
6511.0
6481.0
6516.0
6486.0
6521.0
6491.0
6526.0
6496.0
6536.0
6506.0
6551.0
6521.0
6556.0
6526.0
6561.0
6021.0
6056.0
6696.0
6741.0
6971.0
7011.0
6981.0
7021.0
6991.0
7031.0
7001.0
7041.0
7011.0
7051.0
7021.0
7061.0
7031.0
7071.0
6921.0
6956.0
6926.0
6966.0
6936.0
6976.0
6946.0
6986.0
6956.0
6996.0
6966.0
7001.0
7926.0
7981.0
7951.0
8006.0
7976.0
8031.0
7901.0
7956.0
5302.0
5357.0
5320.0
5371.0
5331.0
5381.0
5341.0
5382.5
5342.5
5385.0
6381.0
6426.0
6386.0
6431.0
6391.0
6436.0
6396.0
6441.0
6401.0
6446.0
6406.0
6451.0
6411.0
6456.0
6416.0
6461.0
6421.0
6466.0
6426.0
6471.0
6431.0
6476.0
6436.0
6481.0
6441.0
6486.0
6561.0
6611.0
6571.0
6616.0
6576.0
6621.0
6581.0
6626.0
6586.0
6631.0
6591.0
6636.0
6596.0
6646.0
6606.0
6661.0
6621.0
6666.0
6626.0
6671.0
6121.0
6166.0
6796.0
6851.0
7071.0
7121.0
7081.0
7131.0
7091.0
7141.0
7101.0
7151.0
7111.0
7161.0
7121.0
7171.0
7131.0
7181.0
7021.0
7066.0
7026.0
7076.0
7036.0
7086.0
7046.0
7096.0
7056.0
7106.0
7066.0
7111.0
8026.0
8091.0
8051.0
8116.0
8076.0
8141.0
8001.0
8066.0
5338.0
5385.0
5349.0
5395.0
5359.0
5396.5
5360.5
5399.0
6399.0
6440.0
6404.0
6445.0
6409.0
6450.0
6414.0
6455.0
6419.0
6460.0
6424.0
6465.0
6429.0
6470.0
6434.0
6475.0
6439.0
6480.0
6444.0
6485.0
6449.0
6490.0
6454.0
6495.0
6459.0
6500.0
6579.0
6625.0
6589.0
6630.0
6594.0
6635.0
6599.0
6640.0
6604.0
6645.0
6609.0
6650.0
6614.0
6660.0
6624.0
6675.0
6639.0
6680.0
6644.0
6685.0
6139.0
6180.0
6814.0
6865.0
7089.0
7135.0
7099.0
7145.0
7109.0
7155.0
7119.0
7165.0
7129.0
7175.0
7139.0
7185.0
7149.0
7195.0
7039.0
7080.0
7044.0
7090.0
7054.0
7100.0
7064.0
7110.0
7074.0
7120.0
7084.0
7125.0
8044.0
8105.0
8069.0
8130.0
8094.0
8155.0
8019.0
8080.0
5360.0
5405.0
5370.0
5406.5
5371.5
5409.0
6410.0
6450.0
6415.0
6455.0
6420.0
6460.0
6425.0
6465.0
6430.0
6470.0
6435.0
6475.0
6440.0
6480.0
6445.0
6485.0
6450.0
6490.0
6455.0
6495.0
6460.0
6500.0
6465.0
6505.0
6470.0
6510.0
6590.0
6635.0
6600.0
6640.0
6605.0
6645.0
6610.0
6650.0
6615.0
6655.0
6620.0
6660.0
6625.0
6670.0
6635.0
6685.0
6650.0
6690.0
6655.0
6695.0
6150.0
6190.0
6825.0
6875.0
7100.0
7145.0
7110.0
7155.0
7120.0
7165.0
7130.0
7175.0
7140.0
7185.0
7150.0
7195.0
7160.0
7205.0
7050.0
7090.0
7055.0
7100.0
7065.0
7110.0
7075.0
7120.0
7085.0
7130.0
7095.0
7135.0
8055.0
8115.0
8080.0
8140.0
8105.0
8165.0
8030.0
8090.0
5380.0
5408.0
5381.5
5410.5
6420.0
6451.5
6425.0
6456.5
6430.0
6461.5
6435.0
6466.5
6440.0
6471.5
6445.0
6476.5
6450.0
6481.5
6455.0
6486.5
6460.0
6491.5
6465.0
6496.5
6470.0
6501.5
6475.0
6506.5
6480.0
6511.5
6600.0
6636.5
6610.0
6641.5
6615.0
6646.5
6620.0
6651.5
6625.0
6656.5
6630.0
6661.5
6635.0
6671.5
6645.0
6686.5
6660.0
6691.5
6665.0
6696.5
6160.0
6191.5
6835.0
6876.5
7110.0
7146.5
7120.0
7156.5
7130.0
7166.5
7140.0
7176.5
7150.0
7186.5
7160.0
7196.5
7170.0
7206.5
7060.0
7091.5
7065.0
7101.5
7075.0
7111.5
7085.0
7121.5
7095.0
7131.5
7105.0
7136.5
8065.0
8116.5
8090.0
8141.5
8115.0
8166.5
8040.0
8091.5
5383.0
5413.0
6421.5
6454.0
6426.5
6459.0
6431.5
6464.0
6436.5
6469.0
6441.5
6474.0
6446.5
6479.0
6451.5
6484.0
6456.5
6489.0
6461.5
6494.0
6466.5
6499.0
6471.5
6504.0
6476.5
6509.0
6481.5
6514.0
6601.5
6639.0
6611.5
6644.0
6616.5
6649.0
6621.5
6654.0
6626.5
6659.0
6631.5
6664.0
6636.5
6674.0
6646.5
6689.0
6661.5
6694.0
6666.5
6699.0
6161.5
6194.0
6836.5
6879.0
7111.5
7149.0
7121.5
7159.0
7131.5
7169.0
7141.5
7179.0
7151.5
7189.0
7161.5
7199.0
7171.5
7209.0
7061.5
7094.0
7066.5
7104.0
7076.5
7114.0
7086.5
7124.0
7096.5
7134.0
7106.5
7139.0
8066.5
8119.0
8091.5
8144.0
8116.5
8169.0
8041.5
8094.0
7460.0
7495.0
7465.0
7500.0
7470.0
7505.0
7475.0
7510.0
7480.0
7515.0
7485.0
7520.0
7490.0
7525.0
7495.0
7530.0
7500.0
7535.0
7505.0
7540.0
7510.0
7545.0
7515.0
7550.0
7520.0
7555.0
7640.0
7680.0
7650.0
7685.0
7655.0
7690.0
7660.0
7695.0
7665.0
7700.0
7670.0
7705.0
7675.0
7715.0
7685.0
7730.0
7700.0
7735.0
7705.0
7740.0
7200.0
7235.0
7875.0
7920.0
8150.0
8190.0
8160.0
8200.0
8170.0
8210.0
8180.0
8220.0
8190.0
8230.0
8200.0
8240.0
8210.0
8250.0
8100.0
8135.0
8105.0
8145.0
8115.0
8155.0
8125.0
8165.0
8135.0
8175.0
8145.0
8180.0
9105.0
9160.0
9130.0
9185.0
9155.0
9210.0
9080.0
9135.0
7470.0
7505.0
7475.0
7510.0
7480.0
7515.0
7485.0
7520.0
7490.0
7525.0
7495.0
7530.0
7500.0
7535.0
7505.0
7540.0
7510.0
7545.0
7515.0
7550.0
7520.0
7555.0
7525.0
7560.0
7645.0
7685.0
7655.0
7690.0
7660.0
7695.0
7665.0
7700.0
7670.0
7705.0
7675.0
7710.0
7680.0
7720.0
7690.0
7735.0
7705.0
7740.0
7710.0
7745.0
7205.0
7240.0
7880.0
7925.0
8155.0
8195.0
8165.0
8205.0
8175.0
8215.0
8185.0
8225.0
8195.0
8235.0
8205.0
8245.0
8215.0
8255.0
8105.0
8140.0
8110.0
8150.0
8120.0
8160.0
8130.0
8170.0
8140.0
8180.0
8150.0
8185.0
9110.0
9165.0
9135.0
9190.0
9160.0
9215.0
9085.0
9140.0
7480.0
7515.0
7485.0
7520.0
7490.0
7525.0
7495.0
7530.0
7500.0
7535.0
7505.0
7540.0
7510.0
7545.0
7515.0
7550.0
7520.0
7555.0
7525.0
7560.0
7530.0
7565.0
7650.0
7690.0
7660.0
7695.0
7665.0
7700.0
7670.0
7705.0
7675.0
7710.0
7680.0
7715.0
7685.0
7725.0
7695.0
7740.0
7710.0
7745.0
7715.0
7750.0
7210.0
7245.0
7885.0
7930.0
8160.0
8200.0
8170.0
8210.0
8180.0
8220.0
8190.0
8230.0
8200.0
8240.0
8210.0
8250.0
8220.0
8260.0
8110.0
8145.0
8115.0
8155.0
8125.0
8165.0
8135.0
8175.0
8145.0
8185.0
8155.0
8190.0
9115.0
9170.0
9140.0
9195.0
9165.0
9220.0
9090.0
9145.0
7490.0
7525.0
7495.0
7530.0
7500.0
7535.0
7505.0
7540.0
7510.0
7545.0
7515.0
7550.0
7520.0
7555.0
7525.0
7560.0
7530.0
7565.0
7535.0
7570.0
7655.0
7695.0
7665.0
7700.0
7670.0
7705.0
7675.0
7710.0
7680.0
7715.0
7685.0
7720.0
7690.0
7730.0
7700.0
7745.0
7715.0
7750.0
7720.0
7755.0
7215.0
7250.0
7890.0
7935.0
8165.0
8205.0
8175.0
8215.0
8185.0
8225.0
8195.0
8235.0
8205.0
8245.0
8215.0
8255.0
8225.0
8265.0
8115.0
8150.0
8120.0
8160.0
8130.0
8170.0
8140.0
8180.0
8150.0
8190.0
8160.0
8195.0
9120.0
9175.0
9145.0
9200.0
9170.0
9225.0
9095.0
9150.0
7500.0
7535.0
7505.0
7540.0
7510.0
7545.0
7515.0
7550.0
7520.0
7555.0
7525.0
7560.0
7530.0
7565.0
7535.0
7570.0
7540.0
7575.0
7660.0
7700.0
7670.0
7705.0
7675.0
7710.0
7680.0
7715.0
7685.0
7720.0
7690.0
7725.0
7695.0
7735.0
7705.0
7750.0
7720.0
7755.0
7725.0
7760.0
7220.0
7255.0
7895.0
7940.0
8170.0
8210.0
8180.0
8220.0
8190.0
8230.0
8200.0
8240.0
8210.0
8250.0
8220.0
8260.0
8230.0
8270.0
8120.0
8155.0
8125.0
8165.0
8135.0
8175.0
8145.0
8185.0
8155.0
8195.0
8165.0
8200.0
9125.0
9180.0
9150.0
9205.0
9175.0
9230.0
9100.0
9155.0
7510.0
7545.0
7515.0
7550.0
7520.0
7555.0
7525.0
7560.0
7530.0
7565.0
7535.0
7570.0
7540.0
7575.0
7545.0
7580.0
7665.0
7705.0
7675.0
7710.0
7680.0
7715.0
7685.0
7720.0
7690.0
7725.0
7695.0
7730.0
7700.0
7740.0
7710.0
7755.0
7725.0
7760.0
7730.0
7765.0
7225.0
7260.0
7900.0
7945.0
8175.0
8215.0
8185.0
8225.0
8195.0
8235.0
8205.0
8245.0
8215.0
8255.0
8225.0
8265.0
8235.0
8275.0
8125.0
8160.0
8130.0
8170.0
8140.0
8180.0
8150.0
8190.0
8160.0
8200.0
8170.0
8205.0
9130.0
9185.0
9155.0
9210.0
9180.0
9235.0
9105.0
9160.0
7520.0
7555.0
7525.0
7560.0
7530.0
7565.0
7535.0
7570.0
7540.0
7575.0
7545.0
7580.0
7550.0
7585.0
7670.0
7710.0
7680.0
7715.0
7685.0
7720.0
7690.0
7725.0
7695.0
7730.0
7700.0
7735.0
7705.0
7745.0
7715.0
7760.0
7730.0
7765.0
7735.0
7770.0
7230.0
7265.0
7905.0
7950.0
8180.0
8220.0
8190.0
8230.0
8200.0
8240.0
8210.0
8250.0
8220.0
8260.0
8230.0
8270.0
8240.0
8280.0
8130.0
8165.0
8135.0
8175.0
8145.0
8185.0
8155.0
8195.0
8165.0
8205.0
8175.0
8210.0
9135.0
9190.0
9160.0
9215.0
9185.0
9240.0
9110.0
9165.0
7530.0
7565.0
7535.0
7570.0
7540.0
7575.0
7545.0
7580.0
7550.0
7585.0
7555.0
7590.0
7675.0
7715.0
7685.0
7720.0
7690.0
7725.0
7695.0
7730.0
7700.0
7735.0
7705.0
7740.0
7710.0
7750.0
7720.0
7765.0
7735.0
7770.0
7740.0
7775.0
7235.0
7270.0
7910.0
7955.0
8185.0
8225.0
8195.0
8235.0
8205.0
8245.0
8215.0
8255.0
8225.0
8265.0
8235.0
8275.0
8245.0
8285.0
8135.0
8170.0
8140.0
8180.0
8150.0
8190.0
8160.0
8200.0
8170.0
8210.0
8180.0
8215.0
9140.0
9195.0
9165.0
9220.0
9190.0
9245.0
9115.0
9170.0
7540.0
7575.0
7545.0
7580.0
7550.0
7585.0
7555.0
7590.0
7560.0
7595.0
7680.0
7720.0
7690.0
7725.0
7695.0
7730.0
7700.0
7735.0
7705.0
7740.0
7710.0
7745.0
7715.0
7755.0
7725.0
7770.0
7740.0
7775.0
7745.0
7780.0
7240.0
7275.0
7915.0
7960.0
8190.0
8230.0
8200.0
8240.0
8210.0
8250.0
8220.0
8260.0
8230.0
8270.0
8240.0
8280.0
8250.0
8290.0
8140.0
8175.0
8145.0
8185.0
8155.0
8195.0
8165.0
8205.0
8175.0
8215.0
8185.0
8220.0
9145.0
9200.0
9170.0
9225.0
9195.0
9250.0
9120.0
9175.0
7550.0
7585.0
7555.0
7590.0
7560.0
7595.0
7565.0
7600.0
7685.0
7725.0
7695.0
7730.0
7700.0
7735.0
7705.0
7740.0
7710.0
7745.0
7715.0
7750.0
7720.0
7760.0
7730.0
7775.0
7745.0
7780.0
7750.0
7785.0
7245.0
7280.0
7920.0
7965.0
8195.0
8235.0
8205.0
8245.0
8215.0
8255.0
8225.0
8265.0
8235.0
8275.0
8245.0
8285.0
8255.0
8295.0
8145.0
8180.0
8150.0
8190.0
8160.0
8200.0
8170.0
8210.0
8180.0
8220.0
8190.0
8225.0
9150.0
9205.0
9175.0
9230.0
9200.0
9255.0
9125.0
9180.0
7560.0
7595.0
7565.0
7600.0
7570.0
7605.0
7690.0
7730.0
7700.0
7735.0
7705.0
7740.0
7710.0
7745.0
7715.0
7750.0
7720.0
7755.0
7725.0
7765.0
7735.0
7780.0
7750.0
7785.0
7755.0
7790.0
7250.0
7285.0
7925.0
7970.0
8200.0
8240.0
8210.0
8250.0
8220.0
8260.0
8230.0
8270.0
8240.0
8280.0
8250.0
8290.0
8260.0
8300.0
8150.0
8185.0
8155.0
8195.0
8165.0
8205.0
8175.0
8215.0
8185.0
8225.0
8195.0
8230.0
9155.0
9210.0
9180.0
9235.0
9205.0
9260.0
9130.0
9185.0
7570.0
7605.0
7575.0
7610.0
7695.0
7735.0
7705.0
7740.0
7710.0
7745.0
7715.0
7750.0
7720.0
7755.0
7725.0
7760.0
7730.0
7770.0
7740.0
7785.0
7755.0
7790.0
7760.0
7795.0
7255.0
7290.0
7930.0
7975.0
8205.0
8245.0
8215.0
8255.0
8225.0
8265.0
8235.0
8275.0
8245.0
8285.0
8255.0
8295.0
8265.0
8305.0
8155.0
8190.0
8160.0
8200.0
8170.0
8210.0
8180.0
8220.0
8190.0
8230.0
8200.0
8235.0
9160.0
9215.0
9185.0
9240.0
9210.0
9265.0
9135.0
9190.0
7580.0
7615.0
7700.0
7740.0
7710.0
7745.0
7715.0
7750.0
7720.0
7755.0
7725.0
7760.0
7730.0
7765.0
7735.0
7775.0
7745.0
7790.0
7760.0
7795.0
7765.0
7800.0
7260.0
7295.0
7935.0
7980.0
8210.0
8250.0
8220.0
8260.0
8230.0
8270.0
8240.0
8280.0
8250.0
8290.0
8260.0
8300.0
8270.0
8310.0
8160.0
8195.0
8165.0
8205.0
8175.0
8215.0
8185.0
8225.0
8195.0
8235.0
8205.0
8240.0
9165.0
9220.0
9190.0
9245.0
9215.0
9270.0
9140.0
9195.0
7820.0
7865.0
7830.0
7870.0
7835.0
7875.0
7840.0
7880.0
7845.0
7885.0
7850.0
7890.0
7855.0
7900.0
7865.0
7915.0
7880.0
7920.0
7885.0
7925.0
7380.0
7420.0
8055.0
8105.0
8330.0
8375.0
8340.0
8385.0
8350.0
8395.0
8360.0
8405.0
8370.0
8415.0
8380.0
8425.0
8390.0
8435.0
8280.0
8320.0
8285.0
8330.0
8295.0
8340.0
8305.0
8350.0
8315.0
8360.0
8325.0
8365.0
9285.0
9345.0
9310.0
9370.0
9335.0
9395.0
9260.0
9320.0
7840.0
7875.0
7845.0
7880.0
7850.0
7885.0
7855.0
7890.0
7860.0
7895.0
7865.0
7905.0
7875.0
7920.0
7890.0
7925.0
7895.0
7930.0
7390.0
7425.0
8065.0
8110.0
8340.0
8380.0
8350.0
8390.0
8360.0
8400.0
8370.0
8410.0
8380.0
8420.0
8390.0
8430.0
8400.0
8440.0
8290.0
8325.0
8295.0
8335.0
8305.0
8345.0
8315.0
8355.0
8325.0
8365.0
8335.0
8370.0
9295.0
9350.0
9320.0
9375.0
9345.0
9400.0
9270.0
9325.0
7850.0
7885.0
7855.0
7890.0
7860.0
7895.0
7865.0
7900.0
7870.0
7910.0
7880.0
7925.0
7895.0
7930.0
7900.0
7935.0
7395.0
7430.0
8070.0
8115.0
8345.0
8385.0
8355.0
8395.0
8365.0
8405.0
8375.0
8415.0
8385.0
8425.0
8395.0
8435.0
8405.0
8445.0
8295.0
8330.0
8300.0
8340.0
8310.0
8350.0
8320.0
8360.0
8330.0
8370.0
8340.0
8375.0
9300.0
9355.0
9325.0
9380.0
9350.0
9405.0
9275.0
9330.0
7860.0
7895.0
7865.0
7900.0
7870.0
7905.0
7875.0
7915.0
7885.0
7930.0
7900.0
7935.0
7905.0
7940.0
7400.0
7435.0
8075.0
8120.0
8350.0
8390.0
8360.0
8400.0
8370.0
8410.0
8380.0
8420.0
8390.0
8430.0
8400.0
8440.0
8410.0
8450.0
8300.0
8335.0
8305.0
8345.0
8315.0
8355.0
8325.0
8365.0
8335.0
8375.0
8345.0
8380.0
9305.0
9360.0
9330.0
9385.0
9355.0
9410.0
9280.0
9335.0
7870.0
7905.0
7875.0
7910.0
7880.0
7920.0
7890.0
7935.0
7905.0
7940.0
7910.0
7945.0
7405.0
7440.0
8080.0
8125.0
8355.0
8395.0
8365.0
8405.0
8375.0
8415.0
8385.0
8425.0
8395.0
8435.0
8405.0
8445.0
8415.0
8455.0
8305.0
8340.0
8310.0
8350.0
8320.0
8360.0
8330.0
8370.0
8340.0
8380.0
8350.0
8385.0
9310.0
9365.0
9335.0
9390.0
9360.0
9415.0
9285.0
9340.0
7880.0
7915.0
7885.0
7925.0
7895.0
7940.0
7910.0
7945.0
7915.0
7950.0
7410.0
7445.0
8085.0
8130.0
8360.0
8400.0
8370.0
8410.0
8380.0
8420.0
8390.0
8430.0
8400.0
8440.0
8410.0
8450.0
8420.0
8460.0
8310.0
8345.0
8315.0
8355.0
8325.0
8365.0
8335.0
8375.0
8345.0
8385.0
8355.0
8390.0
9315.0
9370.0
9340.0
9395.0
9365.0
9420.0
9290.0
9345.0
7890.0
7935.0
7900.0
7950.0
7915.0
7955.0
7920.0
7960.0
7415.0
7455.0
8090.0
8140.0
8365.0
8410.0
8375.0
8420.0
8385.0
8430.0
8395.0
8440.0
8405.0
8450.0
8415.0
8460.0
8425.0
8470.0
8315.0
8355.0
8320.0
8365.0
8330.0
8375.0
8340.0
8385.0
8350.0
8395.0
8360.0
8400.0
9320.0
9380.0
9345.0
9405.0
9370.0
9430.0
9295.0
9355.0
7910.0
7965.0
7925.0
7970.0
7930.0
7975.0
7425.0
7470.0
8100.0
8155.0
8375.0
8425.0
8385.0
8435.0
8395.0
8445.0
8405.0
8455.0
8415.0
8465.0
8425.0
8475.0
8435.0
8485.0
8325.0
8370.0
8330.0
8380.0
8340.0
8390.0
8350.0
8400.0
8360.0
8410.0
8370.0
8415.0
9330.0
9395.0
9355.0
9420.0
9380.0
9445.0
9305.0
9370.0
7940.0
7975.0
7945.0
7980.0
7440.0
7475.0
8115.0
8160.0
8390.0
8430.0
8400.0
8440.0
8410.0
8450.0
8420.0
8460.0
8430.0
8470.0
8440.0
8480.0
8450.0
8490.0
8340.0
8375.0
8345.0
8385.0
8355.0
8395.0
8365.0
8405.0
8375.0
8415.0
8385.0
8420.0
9345.0
9400.0
9370.0
9425.0
9395.0
9450.0
9320.0
9375.0
7950.0
7985.0
7445.0
7480.0
8120.0
8165.0
8395.0
8435.0
8405.0
8445.0
8415.0
8455.0
8425.0
8465.0
8435.0
8475.0
8445.0
8485.0
8455.0
8495.0
8345.0
8380.0
8350.0
8390.0
8360.0
8400.0
8370.0
8410.0
8380.0
8420.0
8390.0
8425.0
9350.0
9405.0
9375.0
9430.0
9400.0
9455.0
9325.0
9380.0
6940.0
6975.0
7615.0
7660.0
7890.0
7930.0
7900.0
7940.0
7910.0
7950.0
7920.0
7960.0
7930.0
7970.0
7940.0
7980.0
7950.0
7990.0
7840.0
7875.0
7845.0
7885.0
7855.0
7895.0
7865.0
7905.0
7875.0
7915.0
7885.0
7920.0
8845.0
8900.0
8870.0
8925.0
8895.0
8950.0
8820.0
8875.0
8290.0
8345.0
8565.0
8615.0
8575.0
8625.0
8585.0
8635.0
8595.0
8645.0
8605.0
8655.0
8615.0
8665.0
8625.0
8675.0
8515.0
8560.0
8520.0
8570.0
8530.0
8580.0
8540.0
8590.0
8550.0
8600.0
8560.0
8605.0
9520.0
9585.0
9545.0
9610.0
9570.0
9635.0
9495.0
9560.0
8840.0
8885.0
8850.0
8895.0
8860.0
8905.0
8870.0
8915.0
8880.0
8925.0
8890.0
8935.0
8900.0
8945.0
8790.0
8830.0
8795.0
8840.0
8805.0
8850.0
8815.0
8860.0
8825.0
8870.0
8835.0
8875.0
9795.0
9855.0
9820.0
9880.0
9845.0
9905.0
9770.0
9830.0
8860.0
8905.0
8870.0
8915.0
8880.0
8925.0
8890.0
8935.0
8900.0
8945.0
8910.0
8955.0
8800.0
8840.0
8805.0
8850.0
8815.0
8860.0
8825.0
8870.0
8835.0
8880.0
8845.0
8885.0
9805.0
9865.0
9830.0
9890.0
9855.0
9915.0
9780.0
9840.0
8880.0
8925.0
8890.0
8935.0
8900.0
8945.0
8910.0
8955.0
8920.0
8965.0
8810.0
8850.0
8815.0
8860.0
8825.0
8870.0
8835.0
8880.0
8845.0
8890.0
8855.0
8895.0
9815.0
9875.0
9840.0
9900.0
9865.0
9925.0
9790.0
9850.0
8900.0
8945.0
8910.0
8955.0
8920.0
8965.0
8930.0
8975.0
8820.0
8860.0
8825.0
8870.0
8835.0
8880.0
8845.0
8890.0
8855.0
8900.0
8865.0
8905.0
9825.0
9885.0
9850.0
9910.0
9875.0
9935.0
9800.0
9860.0
8920.0
8965.0
8930.0
8975.0
8940.0
8985.0
8830.0
8870.0
8835.0
8880.0
8845.0
8890.0
8855.0
8900.0
8865.0
8910.0
8875.0
8915.0
9835.0
9895.0
9860.0
9920.0
9885.0
9945.0
9810.0
9870.0
8940.0
8985.0
8950.0
8995.0
8840.0
8880.0
8845.0
8890.0
8855.0
8900.0
8865.0
8910.0
8875.0
8920.0
8885.0
8925.0
9845.0
9905.0
9870.0
9930.0
9895.0
9955.0
9820.0
9880.0
8960.0
9005.0
8850.0
8890.0
8855.0
8900.0
8865.0
8910.0
8875.0
8920.0
8885.0
8930.0
8895.0
8935.0
9855.0
9915.0
9880.0
9940.0
9905.0
9965.0
9830.0
9890.0
8740.0
8775.0
8745.0
8785.0
8755.0
8795.0
8765.0
8805.0
8775.0
8815.0
8785.0
8820.0
9745.0
9800.0
9770.0
9825.0
9795.0
9850.0
9720.0
9775.0
8750.0
8795.0
8760.0
8805.0
8770.0
8815.0
8780.0
8825.0
8790.0
8830.0
9750.0
9810.0
9775.0
9835.0
9800.0
9860.0
9725.0
9785.0
8770.0
8815.0
8780.0
8825.0
8790.0
8835.0
8800.0
8840.0
9760.0
9820.0
9785.0
9845.0
9810.0
9870.0
9735.0
9795.0
8790.0
8835.0
8800.0
8845.0
8810.0
8850.0
9770.0
9830.0
9795.0
9855.0
9820.0
9880.0
9745.0
9805.0
8810.0
8855.0
8820.0
8860.0
9780.0
9840.0
9805.0
9865.0
9830.0
9890.0
9755.0
9815.0
8830.0
8865.0
9790.0
9845.0
9815.0
9870.0
9840.0
9895.0
9765.0
9820.0
10750.0
10825.0
10775.0
10850.0
10800.0
10875.0
10725.0
10800.0
10800.0
10875.0
10825.0
10900.0
10750.0
10825.0
10850.0
10925.0
10775.0
10850.0
10700.0
10775.0
