3594.0
3631.0
3600.0
3637.0
3606.0
3643.0
3582.0
3619.0
3588.0
3625.0
3612.0
3648.0
3617.0
3653.0
3717.0
3763.0
3735.0
3777.0
3746.0
3787.0
3756.0
3788.5
3757.5
3791.0
4796.0
4832.0
4801.0
4837.0
4806.0
4842.0
4811.0
4847.0
4816.0
4852.0
4821.0
4857.0
4826.0
4862.0
4831.0
4867.0
4836.0
4872.0
4841.0
4877.0
4846.0
4882.0
4851.0
4887.0
4856.0
4892.0
4976.0
5017.0
4986.0
5022.0
4991.0
5027.0
4996.0
5032.0
5001.0
5037.0
5006.0
5042.0
5011.0
5052.0
5021.0
5067.0
5036.0
5072.0
5041.0
5077.0
4536.0
4572.0
5211.0
5257.0
5486.0
5527.0
5496.0
5537.0
5506.0
5547.0
5516.0
5557.0
5526.0
5567.0
5536.0
5577.0
5546.0
5587.0
5436.0
5472.0
5441.0
5482.0
5451.0
5492.0
5461.0
5502.0
5471.0
5512.0
5481.0
5517.0
6441.0
6497.0
6466.0
6522.0
6491.0
6547.0
6416.0
6472.0
3594.0
3631.0
3600.0
3637.0
3576.0
3613.0
3582.0
3619.0
3606.0
3642.0
3611.0
3647.0
3711.0
3757.0
3729.0
3771.0
3740.0
3781.0
3750.0
3782.5
3751.5
3785.0
4790.0
4826.0
4795.0
4831.0
4800.0
4836.0
4805.0
4841.0
4810.0
4846.0
4815.0
4851.0
4820.0
4856.0
4825.0
4861.0
4830.0
4866.0
4835.0
4871.0
4840.0
4876.0
4845.0
4881.0
4850.0
4886.0
4970.0
5011.0
4980.0
5016.0
4985.0
5021.0
4990.0
5026.0
4995.0
5031.0
5000.0
5036.0
5005.0
5046.0
5015.0
5061.0
5030.0
5066.0
5035.0
5071.0
4530.0
4566.0
5205.0
5251.0
5480.0
5521.0
5490.0
5531.0
5500.0
5541.0
5510.0
5551.0
5520.0
5561.0
5530.0
5571.0
5540.0
5581.0
5430.0
5466.0
5435.0
5476.0
5445.0
5486.0
5455.0
5496.0
5465.0
5506.0
5475.0
5511.0
6435.0
6491.0
6460.0
6516.0
6485.0
6541.0
6410.0
6466.0
3594.0
3631.0
3570.0
3607.0
3576.0
3613.0
3600.0
3636.0
3605.0
3641.0
3705.0
3751.0
3723.0
3765.0
3734.0
3775.0
3744.0
3776.5
3745.5
3779.0
4784.0
4820.0
4789.0
4825.0
4794.0
4830.0
4799.0
4835.0
4804.0
4840.0
4809.0
4845.0
4814.0
4850.0
4819.0
4855.0
4824.0
4860.0
4829.0
4865.0
4834.0
4870.0
4839.0
4875.0
4844.0
4880.0
4964.0
5005.0
4974.0
5010.0
4979.0
5015.0
4984.0
5020.0
4989.0
5025.0
4994.0
5030.0
4999.0
5040.0
5009.0
5055.0
5024.0
5060.0
5029.0
5065.0
4524.0
4560.0
5199.0
5245.0
5474.0
5515.0
5484.0
5525.0
5494.0
5535.0
5504.0
5545.0
5514.0
5555.0
5524.0
5565.0
5534.0
5575.0
5424.0
5460.0
5429.0
5470.0
5439.0
5480.0
5449.0
5490.0
5459.0
5500.0
5469.0
5505.0
6429.0
6485.0
6454.0
6510.0
6479.0
6535.0
6404.0
6460.0
3594.0
3631.0
3600.0
3637.0
3624.0
3660.0
3629.0
3665.0
3729.0
3775.0
3747.0
3789.0
3758.0
3799.0
3768.0
3800.5
3769.5
3803.0
4808.0
4844.0
4813.0
4849.0
4818.0
4854.0
4823.0
4859.0
4828.0
4864.0
4833.0
4869.0
4838.0
4874.0
4843.0
4879.0
4848.0
4884.0
4853.0
4889.0
4858.0
4894.0
4863.0
4899.0
4868.0
4904.0
4988.0
5029.0
4998.0
5034.0
5003.0
5039.0
5008.0
5044.0
5013.0
5049.0
5018.0
5054.0
5023.0
5064.0
5033.0
5079.0
5048.0
5084.0
5053.0
5089.0
4548.0
4584.0
5223.0
5269.0
5498.0
5539.0
5508.0
5549.0
5518.0
5559.0
5528.0
5569.0
5538.0
5579.0
5548.0
5589.0
5558.0
5599.0
5448.0
5484.0
5453.0
5494.0
5463.0
5504.0
5473.0
5514.0
5483.0
5524.0
5493.0
5529.0
6453.0
6509.0
6478.0
6534.0
6503.0
6559.0
6428.0
6484.0
3594.0
3631.0
3618.0
3654.0
3623.0
3659.0
3723.0
3769.0
3741.0
3783.0
3752.0
3793.0
3762.0
3794.5
3763.5
3797.0
4802.0
4838.0
4807.0
4843.0
4812.0
4848.0
4817.0
4853.0
4822.0
4858.0
4827.0
4863.0
4832.0
4868.0
4837.0
4873.0
4842.0
4878.0
4847.0
4883.0
4852.0
4888.0
4857.0
4893.0
4862.0
4898.0
4982.0
5023.0
4992.0
5028.0
4997.0
5033.0
5002.0
5038.0
5007.0
5043.0
5012.0
5048.0
5017.0
5058.0
5027.0
5073.0
5042.0
5078.0
5047.0
5083.0
4542.0
4578.0
5217.0
5263.0
5492.0
5533.0
5502.0
5543.0
5512.0
5553.0
5522.0
5563.0
5532.0
5573.0
5542.0
5583.0
5552.0
5593.0
5442.0
5478.0
5447.0
5488.0
5457.0
5498.0
5467.0
5508.0
5477.0
5518.0
5487.0
5523.0
6447.0
6503.0
6472.0
6528.0
6497.0
6553.0
6422.0
6478.0
3595.0
3630.0
3600.0
3635.0
3700.0
3745.0
3718.0
3759.0
3729.0
3769.0
3739.0
3770.5
3740.5
3773.0
4779.0
4814.0
4784.0
4819.0
4789.0
4824.0
4794.0
4829.0
4799.0
4834.0
4804.0
4839.0
4809.0
4844.0
4814.0
4849.0
4819.0
4854.0
4824.0
4859.0
4829.0
4864.0
4834.0
4869.0
4839.0
4874.0
4959.0
4999.0
4969.0
5004.0
4974.0
5009.0
4979.0
5014.0
4984.0
5019.0
4989.0
5024.0
4994.0
5034.0
5004.0
5049.0
5019.0
5054.0
5024.0
5059.0
4519.0
4554.0
5194.0
5239.0
5469.0
5509.0
5479.0
5519.0
5489.0
5529.0
5499.0
5539.0
5509.0
5549.0
5519.0
5559.0
5529.0
5569.0
5419.0
5454.0
5424.0
5464.0
5434.0
5474.0
5444.0
5484.0
5454.0
5494.0
5464.0
5499.0
6424.0
6479.0
6449.0
6504.0
6474.0
6529.0
6399.0
6454.0
3595.0
3630.0
3695.0
3740.0
3713.0
3754.0
3724.0
3764.0
3734.0
3765.5
3735.5
3768.0
4774.0
4809.0
4779.0
4814.0
4784.0
4819.0
4789.0
4824.0
4794.0
4829.0
4799.0
4834.0
4804.0
4839.0
4809.0
4844.0
4814.0
4849.0
4819.0
4854.0
4824.0
4859.0
4829.0
4864.0
4834.0
4869.0
4954.0
4994.0
4964.0
4999.0
4969.0
5004.0
4974.0
5009.0
4979.0
5014.0
4984.0
5019.0
4989.0
5029.0
4999.0
5044.0
5014.0
5049.0
5019.0
5054.0
4514.0
4549.0
5189.0
5234.0
5464.0
5504.0
5474.0
5514.0
5484.0
5524.0
5494.0
5534.0
5504.0
5544.0
5514.0
5554.0
5524.0
5564.0
5414.0
5449.0
5419.0
5459.0
5429.0
5469.0
5439.0
5479.0
5449.0
5489.0
5459.0
5494.0
6419.0
6474.0
6444.0
6499.0
6469.0
6524.0
6394.0
6449.0
3585.0
3640.0
3603.0
3654.0
3614.0
3664.0
3624.0
3665.5
3625.5
3668.0
4664.0
4709.0
4669.0
4714.0
4674.0
4719.0
4679.0
4724.0
4684.0
4729.0
4689.0
4734.0
4694.0
4739.0
4699.0
4744.0
4704.0
4749.0
4709.0
4754.0
4714.0
4759.0
4719.0
4764.0
4724.0
4769.0
4844.0
4894.0
4854.0
4899.0
4859.0
4904.0
4864.0
4909.0
4869.0
4914.0
4874.0
4919.0
4879.0
4929.0
4889.0
4944.0
4904.0
4949.0
4909.0
4954.0
4404.0
4449.0
5079.0
5134.0
5354.0
5404.0
5364.0
5414.0
5374.0
5424.0
5384.0
5434.0
5394.0
5444.0
5404.0
5454.0
5414.0
5464.0
5304.0
5349.0
5309.0
5359.0
5319.0
5369.0
5329.0
5379.0
5339.0
5389.0
5349.0
5394.0
6309.0
6374.0
6334.0
6399.0
6359.0
6424.0
6284.0
6349.0
3589.0
3636.0
3600.0
3646.0
3610.0
3647.5
3611.5
3650.0
4650.0
4691.0
4655.0
4696.0
4660.0
4701.0
4665.0
4706.0
4670.0
4711.0
4675.0
4716.0
4680.0
4721.0
4685.0
4726.0
4690.0
4731.0
4695.0
4736.0
4700.0
4741.0
4705.0
4746.0
4710.0
4751.0
4830.0
4876.0
4840.0
4881.0
4845.0
4886.0
4850.0
4891.0
4855.0
4896.0
4860.0
4901.0
4865.0
4911.0
4875.0
4926.0
4890.0
4931.0
4895.0
4936.0
4390.0
4431.0
5065.0
5116.0
5340.0
5386.0
5350.0
5396.0
5360.0
5406.0
5370.0
5416.0
5380.0
5426.0
5390.0
5436.0
5400.0
5446.0
5290.0
5331.0
5295.0
5341.0
5305.0
5351.0
5315.0
5361.0
5325.0
5371.0
5335.0
5376.0
6295.0
6356.0
6320.0
6381.0
6345.0
6406.0
6270.0
6331.0
3590.0
3635.0
3600.0
3636.5
3601.5
3639.0
4640.0
4680.0
4645.0
4685.0
4650.0
4690.0
4655.0
4695.0
4660.0
4700.0
4665.0
4705.0
4670.0
4710.0
4675.0
4715.0
4680.0
4720.0
4685.0
4725.0
4690.0
4730.0
4695.0
4735.0
4700.0
4740.0
4820.0
4865.0
4830.0
4870.0
4835.0
4875.0
4840.0
4880.0
4845.0
4885.0
4850.0
4890.0
4855.0
4900.0
4865.0
4915.0
4880.0
4920.0
4885.0
4925.0
4380.0
4420.0
5055.0
5105.0
5330.0
5375.0
5340.0
5385.0
5350.0
5395.0
5360.0
5405.0
5370.0
5415.0
5380.0
5425.0
5390.0
5435.0
5280.0
5320.0
5285.0
5330.0
5295.0
5340.0
5305.0
5350.0
5315.0
5360.0
5325.0
5365.0
6285.0
6345.0
6310.0
6370.0
6335.0
6395.0
6260.0
6320.0
3598.5
3626.5
3600.0
3629.0
4638.5
4670.0
4643.5
4675.0
4648.5
4680.0
4653.5
4685.0
4658.5
4690.0
4663.5
4695.0
4668.5
4700.0
4673.5
4705.0
4678.5
4710.0
4683.5
4715.0
4688.5
4720.0
4693.5
4725.0
4698.5
4730.0
4818.5
4855.0
4828.5
4860.0
4833.5
4865.0
4838.5
4870.0
4843.5
4875.0
4848.5
4880.0
4853.5
4890.0
4863.5
4905.0
4878.5
4910.0
4883.5
4915.0
4378.5
4410.0
5053.5
5095.0
5328.5
5365.0
5338.5
5375.0
5348.5
5385.0
5358.5
5395.0
5368.5
5405.0
5378.5
5415.0
5388.5
5425.0
5278.5
5310.0
5283.5
5320.0
5293.5
5330.0
5303.5
5340.0
5313.5
5350.0
5323.5
5355.0
6283.5
6335.0
6308.5
6360.0
6333.5
6385.0
6258.5
6310.0
3597.5
3627.5
4636.0
4668.5
4641.0
4673.5
4646.0
4678.5
4651.0
4683.5
4656.0
4688.5
4661.0
4693.5
4666.0
4698.5
4671.0
4703.5
4676.0
4708.5
4681.0
4713.5
4686.0
4718.5
4691.0
4723.5
4696.0
4728.5
4816.0
4853.5
4826.0
4858.5
4831.0
4863.5
4836.0
4868.5
4841.0
4873.5
4846.0
4878.5
4851.0
4888.5
4861.0
4903.5
4876.0
4908.5
4881.0
4913.5
4376.0
4408.5
5051.0
5093.5
5326.0
5363.5
5336.0
5373.5
5346.0
5383.5
5356.0
5393.5
5366.0
5403.5
5376.0
5413.5
5386.0
5423.5
5276.0
5308.5
5281.0
5318.5
5291.0
5328.5
5301.0
5338.5
5311.0
5348.5
5321.0
5353.5
6281.0
6333.5
6306.0
6358.5
6331.0
6383.5
6256.0
6308.5
3595.0
3630.0
3600.0
3635.0
3605.0
3640.0
3610.0
3645.0
3615.0
3650.0
3620.0
3655.0
3625.0
3660.0
3630.0
3665.0
3635.0
3670.0
3640.0
3675.0
3645.0
3680.0
3650.0
3685.0
3655.0
3690.0
3775.0
3815.0
3785.0
3820.0
3790.0
3825.0
3795.0
3830.0
3800.0
3835.0
3805.0
3840.0
3810.0
3850.0
3820.0
3865.0
3835.0
3870.0
3840.0
3875.0
3335.0
3370.0
4010.0
4055.0
4285.0
4325.0
4295.0
4335.0
4305.0
4345.0
4315.0
4355.0
4325.0
4365.0
4335.0
4375.0
4345.0
4385.0
4235.0
4270.0
4240.0
4280.0
4250.0
4290.0
4260.0
4300.0
4270.0
4310.0
4280.0
4315.0
5240.0
5295.0
5265.0
5320.0
5290.0
5345.0
5215.0
5270.0
3595.0
3630.0
3600.0
3635.0
3605.0
3640.0
3610.0
3645.0
3615.0
3650.0
3620.0
3655.0
3625.0
3660.0
3630.0
3665.0
3635.0
3670.0
3640.0
3675.0
3645.0
3680.0
3650.0
3685.0
3770.0
3810.0
3780.0
3815.0
3785.0
3820.0
3790.0
3825.0
3795.0
3830.0
3800.0
3835.0
3805.0
3845.0
3815.0
3860.0
3830.0
3865.0
3835.0
3870.0
3330.0
3365.0
4005.0
4050.0
4280.0
4320.0
4290.0
4330.0
4300.0
4340.0
4310.0
4350.0
4320.0
4360.0
4330.0
4370.0
4340.0
4380.0
4230.0
4265.0
4235.0
4275.0
4245.0
4285.0
4255.0
4295.0
4265.0
4305.0
4275.0
4310.0
5235.0
5290.0
5260.0
5315.0
5285.0
5340.0
5210.0
5265.0
3595.0
3630.0
3600.0
3635.0
3605.0
3640.0
3610.0
3645.0
3615.0
3650.0
3620.0
3655.0
3625.0
3660.0
3630.0
3665.0
3635.0
3670.0
3640.0
3675.0
3645.0
3680.0
3765.0
3805.0
3775.0
3810.0
3780.0
3815.0
3785.0
3820.0
3790.0
3825.0
3795.0
3830.0
3800.0
3840.0
3810.0
3855.0
3825.0
3860.0
3830.0
3865.0
3325.0
3360.0
4000.0
4045.0
4275.0
4315.0
4285.0
4325.0
4295.0
4335.0
4305.0
4345.0
4315.0
4355.0
4325.0
4365.0
4335.0
4375.0
4225.0
4260.0
4230.0
4270.0
4240.0
4280.0
4250.0
4290.0
4260.0
4300.0
4270.0
4305.0
5230.0
5285.0
5255.0
5310.0
5280.0
5335.0
5205.0
5260.0
3595.0
3630.0
3600.0
3635.0
3605.0
3640.0
3610.0
3645.0
3615.0
3650.0
3620.0
3655.0
3625.0
3660.0
3630.0
3665.0
3635.0
3670.0
3640.0
3675.0
3760.0
3800.0
3770.0
3805.0
3775.0
3810.0
3780.0
3815.0
3785.0
3820.0
3790.0
3825.0
3795.0
3835.0
3805.0
3850.0
3820.0
3855.0
3825.0
3860.0
3320.0
3355.0
3995.0
4040.0
4270.0
4310.0
4280.0
4320.0
4290.0
4330.0
4300.0
4340.0
4310.0
4350.0
4320.0
4360.0
4330.0
4370.0
4220.0
4255.0
4225.0
4265.0
4235.0
4275.0
4245.0
4285.0
4255.0
4295.0
4265.0
4300.0
5225.0
5280.0
5250.0
5305.0
5275.0
5330.0
5200.0
5255.0
3595.0
3630.0
3600.0
3635.0
3605.0
3640.0
3610.0
3645.0
3615.0
3650.0
3620.0
3655.0
3625.0
3660.0
3630.0
3665.0
3635.0
3670.0
3755.0
3795.0
3765.0
3800.0
3770.0
3805.0
3775.0
3810.0
3780.0
3815.0
3785.0
3820.0
3790.0
3830.0
3800.0
3845.0
3815.0
3850.0
3820.0
3855.0
3315.0
3350.0
3990.0
4035.0
4265.0
4305.0
4275.0
4315.0
4285.0
4325.0
4295.0
4335.0
4305.0
4345.0
4315.0
4355.0
4325.0
4365.0
4215.0
4250.0
4220.0
4260.0
4230.0
4270.0
4240.0
4280.0
4250.0
4290.0
4260.0
4295.0
5220.0
5275.0
5245.0
5300.0
5270.0
5325.0
5195.0
5250.0
3595.0
3630.0
3600.0
3635.0
3605.0
3640.0
3610.0
3645.0
3615.0
3650.0
3620.0
3655.0
3625.0
3660.0
3630.0
3665.0
3750.0
3790.0
3760.0
3795.0
3765.0
3800.0
3770.0
3805.0
3775.0
3810.0
3780.0
3815.0
3785.0
3825.0
3795.0
3840.0
3810.0
3845.0
3815.0
3850.0
3310.0
3345.0
3985.0
4030.0
4260.0
4300.0
4270.0
4310.0
4280.0
4320.0
4290.0
4330.0
4300.0
4340.0
4310.0
4350.0
4320.0
4360.0
4210.0
4245.0
4215.0
4255.0
4225.0
4265.0
4235.0
4275.0
4245.0
4285.0
4255.0
4290.0
5215.0
5270.0
5240.0
5295.0
5265.0
5320.0
5190.0
5245.0
3595.0
3630.0
3600.0
3635.0
3605.0
3640.0
3610.0
3645.0
3615.0
3650.0
3620.0
3655.0
3625.0
3660.0
3745.0
3785.0
3755.0
3790.0
3760.0
3795.0
3765.0
3800.0
3770.0
3805.0
3775.0
3810.0
3780.0
3820.0
3790.0
3835.0
3805.0
3840.0
3810.0
3845.0
3305.0
3340.0
3980.0
4025.0
4255.0
4295.0
4265.0
4305.0
4275.0
4315.0
4285.0
4325.0
4295.0
4335.0
4305.0
4345.0
4315.0
4355.0
4205.0
4240.0
4210.0
4250.0
4220.0
4260.0
4230.0
4270.0
4240.0
4280.0
4250.0
4285.0
5210.0
5265.0
5235.0
5290.0
5260.0
5315.0
5185.0
5240.0
3595.0
3630.0
3600.0
3635.0
3605.0
3640.0
3610.0
3645.0
3615.0
3650.0
3620.0
3655.0
3740.0
3780.0
3750.0
3785.0
3755.0
3790.0
3760.0
3795.0
3765.0
3800.0
3770.0
3805.0
3775.0
3815.0
3785.0
3830.0
3800.0
3835.0
3805.0
3840.0
3300.0
3335.0
3975.0
4020.0
4250.0
4290.0
4260.0
4300.0
4270.0
4310.0
4280.0
4320.0
4290.0
4330.0
4300.0
4340.0
4310.0
4350.0
4200.0
4235.0
4205.0
4245.0
4215.0
4255.0
4225.0
4265.0
4235.0
4275.0
4245.0
4280.0
5205.0
5260.0
5230.0
5285.0
5255.0
5310.0
5180.0
5235.0
3595.0
3630.0
3600.0
3635.0
3605.0
3640.0
3610.0
3645.0
3615.0
3650.0
3735.0
3775.0
3745.0
3780.0
3750.0
3785.0
3755.0
3790.0
3760.0
3795.0
3765.0
3800.0
3770.0
3810.0
3780.0
3825.0
3795.0
3830.0
3800.0
3835.0
3295.0
3330.0
3970.0
4015.0
4245.0
4285.0
4255.0
4295.0
4265.0
4305.0
4275.0
4315.0
4285.0
4325.0
4295.0
4335.0
4305.0
4345.0
4195.0
4230.0
4200.0
4240.0
4210.0
4250.0
4220.0
4260.0
4230.0
4270.0
4240.0
4275.0
5200.0
5255.0
5225.0
5280.0
5250.0
5305.0
5175.0
5230.0
3595.0
3630.0
3600.0
3635.0
3605.0
3640.0
3610.0
3645.0
3730.0
3770.0
3740.0
3775.0
3745.0
3780.0
3750.0
3785.0
3755.0
3790.0
3760.0
3795.0
3765.0
3805.0
3775.0
3820.0
3790.0
3825.0
3795.0
3830.0
3290.0
3325.0
3965.0
4010.0
4240.0
4280.0
4250.0
4290.0
4260.0
4300.0
4270.0
4310.0
4280.0
4320.0
4290.0
4330.0
4300.0
4340.0
4190.0
4225.0
4195.0
4235.0
4205.0
4245.0
4215.0
4255.0
4225.0
4265.0
4235.0
4270.0
5195.0
5250.0
5220.0
5275.0
5245.0
5300.0
5170.0
5225.0
3595.0
3630.0
3600.0
3635.0
3605.0
3640.0
3725.0
3765.0
3735.0
3770.0
3740.0
3775.0
3745.0
3780.0
3750.0
3785.0
3755.0
3790.0
3760.0
3800.0
3770.0
3815.0
3785.0
3820.0
3790.0
3825.0
3285.0
3320.0
3960.0
4005.0
4235.0
4275.0
4245.0
4285.0
4255.0
4295.0
4265.0
4305.0
4275.0
4315.0
4285.0
4325.0
4295.0
4335.0
4185.0
4220.0
4190.0
4230.0
4200.0
4240.0
4210.0
4250.0
4220.0
4260.0
4230.0
4265.0
5190.0
5245.0
5215.0
5270.0
5240.0
5295.0
5165.0
5220.0
3595.0
3630.0
3600.0
3635.0
3720.0
3760.0
3730.0
3765.0
3735.0
3770.0
3740.0
3775.0
3745.0
3780.0
3750.0
3785.0
3755.0
3795.0
3765.0
3810.0
3780.0
3815.0
3785.0
3820.0
3280.0
3315.0
3955.0
4000.0
4230.0
4270.0
4240.0
4280.0
4250.0
4290.0
4260.0
4300.0
4270.0
4310.0
4280.0
4320.0
4290.0
4330.0
4180.0
4215.0
4185.0
4225.0
4195.0
4235.0
4205.0
4245.0
4215.0
4255.0
4225.0
4260.0
5185.0
5240.0
5210.0
5265.0
5235.0
5290.0
5160.0
5215.0
3595.0
3630.0
3715.0
3755.0
3725.0
3760.0
3730.0
3765.0
3735.0
3770.0
3740.0
3775.0
3745.0
3780.0
3750.0
3790.0
3760.0
3805.0
3775.0
3810.0
3780.0
3815.0
3275.0
3310.0
3950.0
3995.0
4225.0
4265.0
4235.0
4275.0
4245.0
4285.0
4255.0
4295.0
4265.0
4305.0
4275.0
4315.0
4285.0
4325.0
4175.0
4210.0
4180.0
4220.0
4190.0
4230.0
4200.0
4240.0
4210.0
4250.0
4220.0
4255.0
5180.0
5235.0
5205.0
5260.0
5230.0
5285.0
5155.0
5210.0
3590.0
3635.0
3600.0
3640.0
3605.0
3645.0
3610.0
3650.0
3615.0
3655.0
3620.0
3660.0
3625.0
3670.0
3635.0
3685.0
3650.0
3690.0
3655.0
3695.0
3150.0
3190.0
3825.0
3875.0
4100.0
4145.0
4110.0
4155.0
4120.0
4165.0
4130.0
4175.0
4140.0
4185.0
4150.0
4195.0
4160.0
4205.0
4050.0
4090.0
4055.0
4100.0
4065.0
4110.0
4075.0
4120.0
4085.0
4130.0
4095.0
4135.0
5055.0
5115.0
5080.0
5140.0
5105.0
5165.0
5030.0
5090.0
3595.0
3630.0
3600.0
3635.0
3605.0
3640.0
3610.0
3645.0
3615.0
3650.0
3620.0
3660.0
3630.0
3675.0
3645.0
3680.0
3650.0
3685.0
3145.0
3180.0
3820.0
3865.0
4095.0
4135.0
4105.0
4145.0
4115.0
4155.0
4125.0
4165.0
4135.0
4175.0
4145.0
4185.0
4155.0
4195.0
4045.0
4080.0
4050.0
4090.0
4060.0
4100.0
4070.0
4110.0
4080.0
4120.0
4090.0
4125.0
5050.0
5105.0
5075.0
5130.0
5100.0
5155.0
5025.0
5080.0
3595.0
3630.0
3600.0
3635.0
3605.0
3640.0
3610.0
3645.0
3615.0
3655.0
3625.0
3670.0
3640.0
3675.0
3645.0
3680.0
3140.0
3175.0
3815.0
3860.0
4090.0
4130.0
4100.0
4140.0
4110.0
4150.0
4120.0
4160.0
4130.0
4170.0
4140.0
4180.0
4150.0
4190.0
4040.0
4075.0
4045.0
4085.0
4055.0
4095.0
4065.0
4105.0
4075.0
4115.0
4085.0
4120.0
5045.0
5100.0
5070.0
5125.0
5095.0
5150.0
5020.0
5075.0
3595.0
3630.0
3600.0
3635.0
3605.0
3640.0
3610.0
3650.0
3620.0
3665.0
3635.0
3670.0
3640.0
3675.0
3135.0
3170.0
3810.0
3855.0
4085.0
4125.0
4095.0
4135.0
4105.0
4145.0
4115.0
4155.0
4125.0
4165.0
4135.0
4175.0
4145.0
4185.0
4035.0
4070.0
4040.0
4080.0
4050.0
4090.0
4060.0
4100.0
4070.0
4110.0
4080.0
4115.0
5040.0
5095.0
5065.0
5120.0
5090.0
5145.0
5015.0
5070.0
3595.0
3630.0
3600.0
3635.0
3605.0
3645.0
3615.0
3660.0
3630.0
3665.0
3635.0
3670.0
3130.0
3165.0
3805.0
3850.0
4080.0
4120.0
4090.0
4130.0
4100.0
4140.0
4110.0
4150.0
4120.0
4160.0
4130.0
4170.0
4140.0
4180.0
4030.0
4065.0
4035.0
4075.0
4045.0
4085.0
4055.0
4095.0
4065.0
4105.0
4075.0
4110.0
5035.0
5090.0
5060.0
5115.0
5085.0
5140.0
5010.0
5065.0
3595.0
3630.0
3600.0
3640.0
3610.0
3655.0
3625.0
3660.0
3630.0
3665.0
3125.0
3160.0
3800.0
3845.0
4075.0
4115.0
4085.0
4125.0
4095.0
4135.0
4105.0
4145.0
4115.0
4155.0
4125.0
4165.0
4135.0
4175.0
4025.0
4060.0
4030.0
4070.0
4040.0
4080.0
4050.0
4090.0
4060.0
4100.0
4070.0
4105.0
5030.0
5085.0
5055.0
5110.0
5080.0
5135.0
5005.0
5060.0
3590.0
3635.0
3600.0
3650.0
3615.0
3655.0
3620.0
3660.0
3115.0
3155.0
3790.0
3840.0
4065.0
4110.0
4075.0
4120.0
4085.0
4130.0
4095.0
4140.0
4105.0
4150.0
4115.0
4160.0
4125.0
4170.0
4015.0
4055.0
4020.0
4065.0
4030.0
4075.0
4040.0
4085.0
4050.0
4095.0
4060.0
4100.0
5020.0
5080.0
5045.0
5105.0
5070.0
5130.0
4995.0
5055.0
3585.0
3640.0
3600.0
3645.0
3605.0
3650.0
3100.0
3145.0
3775.0
3830.0
4050.0
4100.0
4060.0
4110.0
4070.0
4120.0
4080.0
4130.0
4090.0
4140.0
4100.0
4150.0
4110.0
4160.0
4000.0
4045.0
4005.0
4055.0
4015.0
4065.0
4025.0
4075.0
4035.0
4085.0
4045.0
4090.0
5005.0
5070.0
5030.0
5095.0
5055.0
5120.0
4980.0
5045.0
3595.0
3630.0
3600.0
3635.0
3095.0
3130.0
3770.0
3815.0
4045.0
4085.0
4055.0
4095.0
4065.0
4105.0
4075.0
4115.0
4085.0
4125.0
4095.0
4135.0
4105.0
4145.0
3995.0
4030.0
4000.0
4040.0
4010.0
4050.0
4020.0
4060.0
4030.0
4070.0
4040.0
4075.0
5000.0
5055.0
5025.0
5080.0
5050.0
5105.0
4975.0
5030.0
3595.0
3630.0
3090.0
3125.0
3765.0
3810.0
4040.0
4080.0
4050.0
4090.0
4060.0
4100.0
4070.0
4110.0
4080.0
4120.0
4090.0
4130.0
4100.0
4140.0
3990.0
4025.0
3995.0
4035.0
4005.0
4045.0
4015.0
4055.0
4025.0
4065.0
4035.0
4070.0
4995.0
5050.0
5020.0
5075.0
5045.0
5100.0
4970.0
5025.0
3595.0
3630.0
4270.0
4315.0
4545.0
4585.0
4555.0
4595.0
4565.0
4605.0
4575.0
4615.0
4585.0
4625.0
4595.0
4635.0
4605.0
4645.0
4495.0
4530.0
4500.0
4540.0
4510.0
4550.0
4520.0
4560.0
4530.0
4570.0
4540.0
4575.0
5500.0
5555.0
5525.0
5580.0
5550.0
5605.0
5475.0
5530.0
3585.0
3640.0
3860.0
3910.0
3870.0
3920.0
3880.0
3930.0
3890.0
3940.0
3900.0
3950.0
3910.0
3960.0
3920.0
3970.0
3810.0
3855.0
3815.0
3865.0
3825.0
3875.0
3835.0
3885.0
3845.0
3895.0
3855.0
3900.0
4815.0
4880.0
4840.0
4905.0
4865.0
4930.0
4790.0
4855.0
3590.0
3635.0
3600.0
3645.0
3610.0
3655.0
3620.0
3665.0
3630.0
3675.0
3640.0
3685.0
3650.0
3695.0
3540.0
3580.0
3545.0
3590.0
3555.0
3600.0
3565.0
3610.0
3575.0
3620.0
3585.0
3625.0
4545.0
4605.0
4570.0
4630.0
4595.0
4655.0
4520.0
4580.0
3590.0
3635.0
3600.0
3645.0
3610.0
3655.0
3620.0
3665.0
3630.0
3675.0
3640.0
3685.0
3530.0
3570.0
3535.0
3580.0
3545.0
3590.0
3555.0
3600.0
3565.0
3610.0
3575.0
3615.0
4535.0
4595.0
4560.0
4620.0
4585.0
4645.0
4510.0
4570.0
3590.0
3635.0
3600.0
3645.0
3610.0
3655.0
3620.0
3665.0
3630.0
3675.0
3520.0
3560.0
3525.0
3570.0
3535.0
3580.0
3545.0
3590.0
3555.0
3600.0
3565.0
3605.0
4525.0
4585.0
4550.0
4610.0
4575.0
4635.0
4500.0
4560.0
3590.0
3635.0
3600.0
3645.0
3610.0
3655.0
3620.0
3665.0
3510.0
3550.0
3515.0
3560.0
3525.0
3570.0
3535.0
3580.0
3545.0
3590.0
3555.0
3595.0
4515.0
4575.0
4540.0
4600.0
4565.0
4625.0
4490.0
4550.0
3590.0
3635.0
3600.0
3645.0
3610.0
3655.0
3500.0
3540.0
3505.0
3550.0
3515.0
3560.0
3525.0
3570.0
3535.0
3580.0
3545.0
3585.0
4505.0
4565.0
4530.0
4590.0
4555.0
4615.0
4480.0
4540.0
3590.0
3635.0
3600.0
3645.0
3490.0
3530.0
3495.0
3540.0
3505.0
3550.0
3515.0
3560.0
3525.0
3570.0
3535.0
3575.0
4495.0
4555.0
4520.0
4580.0
4545.0
4605.0
4470.0
4530.0
3590.0
3635.0
3480.0
3520.0
3485.0
3530.0
3495.0
3540.0
3505.0
3550.0
3515.0
3560.0
3525.0
3565.0
4485.0
4545.0
4510.0
4570.0
4535.0
4595.0
4460.0
4520.0
3595.0
3630.0
3600.0
3640.0
3610.0
3650.0
3620.0
3660.0
3630.0
3670.0
3640.0
3675.0
4600.0
4655.0
4625.0
4680.0
4650.0
4705.0
4575.0
4630.0
3590.0
3635.0
3600.0
3645.0
3610.0
3655.0
3620.0
3665.0
3630.0
3670.0
4590.0
4650.0
4615.0
4675.0
4640.0
4700.0
4565.0
4625.0
3590.0
3635.0
3600.0
3645.0
3610.0
3655.0
3620.0
3660.0
4580.0
4640.0
4605.0
4665.0
4630.0
4690.0
4555.0
4615.0
3590.0
3635.0
3600.0
3645.0
3610.0
3650.0
4570.0
4630.0
4595.0
4655.0
4620.0
4680.0
4545.0
4605.0
3590.0
3635.0
3600.0
3640.0
4560.0
4620.0
4585.0
4645.0
4610.0
4670.0
4535.0
4595.0
3595.0
3630.0
4555.0
4610.0
4580.0
4635.0
4605.0
4660.0
4530.0
4585.0
3575.0
3650.0
3600.0
3675.0
3625.0
3700.0
3550.0
3625.0
3575.0
3650.0
3600.0
3675.0
3525.0
3600.0
3575.0
3650.0
3500.0
3575.0
3575.0
3650.0
