728
734
734
740
740
746
716
722
722
728
746
751
751
756
851
866
869
880
880
890
890
891.5
891.5
894
1930
1935
1935
1940
1940
1945
1945
1950
1950
1955
1955
1960
1960
1965
1965
1970
1970
1975
1975
1980
1980
1985
1985
1990
1990
1995
2110
2120
2120
2125
2125
2130
2130
2135
2135
2140
2140
2145
2145
2155
2155
2170
2170
2175
2175
2180
1670
1675
2345
2360
2620
2630
2630
2640
2640
2650
2650
2660
2660
2670
2670
2680
2680
2690
2570
2575
2575
2585
2585
2595
2595
2605
2605
2615
2615
2620
3575
3600
3600
3625
3625
3650
3550
3575